version: 1
creator: callgrind-3.11.0
pid: 5953
cmd:  ./mandelbrot_seq -2.5 1.5 -2.0 2.0 11500 0
part: 1


desc: I1 cache: 
desc: D1 cache: 
desc: LL cache: 

desc: Timerange: Basic block 0 - 114811557255
desc: Trigger: Program termination

positions: line
events: Ir
summary: 1305543673664


ob=(1) /lib/x86_64-linux-gnu/ld-2.23.so
fl=(27) /build/glibc-9tT8Do/glibc-2.23/string/../sysdeps/x86_64/multiarch/../memset.S
fn=(74) memset
53 10
+1 10
+1 10
+1 10
+1 10
+2 10
+1 10
+1 8
+1 8
+15 2
+1 2
+1 2
+1 2
+1 2
+1 2
+1 2
+1 2
+1 2
+1 2
+1 2
+1 2
+1 2
+1 4
+3 2
+1 2
+1 2
+1 2
+1 2
+1 2
+1 2
-6 34
+1 34
+1 34
+1 34
+1 34
+1 34
+1 34
+1 2
+3 8
+1 8
+1 8
+1 2
+1 2
+1 1
+1 1
+3 1
+1 1

ob=(3) /lib/x86_64-linux-gnu/libc-2.23.so
fl=(81) /build/glibc-9tT8Do/glibc-2.23/signal/../sysdeps/unix/sysv/linux/x86_64/sigaction.c
fn=(326) __libc_sigaction
47 2
+4 2
-4 2
+4 2
+3 4
-1 2
+1 4
-1 2
+1 56
+1 2
-1 2
+1 2
+7 2
-7 4
+2 4
+5 9

ob=(1)
fl=(27)
fn=(74)
114 1
+1 1
+2 1
+1 1
+1 1
+2 6
+1 6
+1 6

fl=(10) /build/glibc-9tT8Do/glibc-2.23/elf/../sysdeps/unix/sysv/linux/x86_64/brk.c
fn=(18) brk
31 7
+8 1
-6 2
+7 1

fl=(21) /build/glibc-9tT8Do/glibc-2.23/posix/../sysdeps/unix/syscall-template.S
fn=(62) uname
84 4
+1 1

fl=(44) /build/glibc-9tT8Do/glibc-2.23/elf/dl-reloc.c
fn=(164) _dl_relocate_object
149 40
+15 4
-15 8
+15 4
+1 24
+6 8
+6 12
-18 8
+22 8
+7 4
-32 4
+32 4
+44 4
fi=(5) /build/glibc-9tT8Do/glibc-2.23/elf/../sysdeps/x86_64/dl-machine.h
76 12
fe=(44)
232 8
fi=(5)
76 12
+6 6
+4 9
+14 3
-8 3
+10 3
-2 6
+20 6
+9 3
fe=(44)
258 114

ob=(3)
fl=(81)
fn=(326)
62 12
+3 6
+3 1
-1 1
+1 2
-1 1
+1 28
+1 1
-1 1
+1 1
+1 2
+3 4
-11 2

fl=(49) /build/glibc-9tT8Do/glibc-2.23/string/../sysdeps/x86_64/multiarch/strcspn.S
fn=(188) strpbrk
45 1
+1 1
+1 1
+1 1
+1 1
+1 1

fn=(184) strcspn
45 1
+1 1
+1 1
+1 1
+1 1
+1 1

fl=(58) /build/glibc-9tT8Do/glibc-2.23/misc/init-misc.c
fn=(232) __init_misc
31 2
-1 3
+1 4
+2 3
cfi=(59) /build/glibc-9tT8Do/glibc-2.23/string/../sysdeps/x86_64/strrchr.S
cfn=(234) rindex
calls=1 -9 
* 54
+4 5
+1 3
+2 4

fl=(85) /build/glibc-9tT8Do/glibc-2.23/setjmp/../sysdeps/x86_64/setjmp.S
fn=(350) __sigsetjmp
26 1
+9 1
+1 2
+1 1
+4 1
+1 1
+1 1
+1 1
+1 1
+2 2
+2 1
+1 1
+1 1
+2 2
+2 1
+9 1
cfi=(86) /build/glibc-9tT8Do/glibc-2.23/setjmp/sigjmp.c
cfn=(352) __sigjmp_save
calls=1 -36 
* 9

fl=(78) /build/glibc-9tT8Do/glibc-2.23/string/../sysdeps/x86_64/multiarch/../memset.S
fn=(318) __GI_memset
53 1
+1 1
+1 1
+1 1
+1 1
+2 1
+1 1
+17 1
+1 1
+1 1
+1 1
+1 1
+1 1
+1 1
+1 1
+1 1
+1 1
+1 1
+1 1
+1 1
+1 2
+3 1
+1 1
+1 1
+1 1
+1 1
+1 1
+1 1
-6 71
+1 71
+1 71
+1 71
+1 71
+1 71
+1 71
+1 1

fl=(91) /build/glibc-9tT8Do/glibc-2.23/stdio-common/isoc99_vsscanf.c
fn=(372) __isoc99_vsscanf
33 42
+6 12
-6 6
+6 18
-2 6
+2 6
cfi=(92) /build/glibc-9tT8Do/glibc-2.23/libio/genops.c
cfn=(374) _IO_no_init
calls=6 599 
* 264
+1 6
+1 24
-1 6
+1 6
cfi=(93) /build/glibc-9tT8Do/glibc-2.23/libio/strops.c
cfn=(378) _IO_str_init_static_internal
calls=6 -5 
* 426

ob=(1)
fl=(44)
fn=(164)
258 50
-98 18
fi=(5)
301 24
fe=(44)
-43 3
fi=(4) /build/glibc-9tT8Do/glibc-2.23/elf/do-rel.h
58 3
-10 3
-1 6
+11 3
-11 3
+11 3
fe=(44)
258 1
-98 6
fi=(5)
301 8
fe=(44)
-43 1
fi=(4)
58 1
-10 1
-1 2
+11 1
-11 1
+11 1
fe=(44)
258 4
fi=(4)
58 4
-10 4
-1 8
+11 4
-11 4
+11 4
+3 15
fi=(5)
528 36
+4 36
+2 54
+1 18
fi=(4)
61 75
+2 104
+2 26
-4 3
+13 6
+1 5
+1 16
fi=(5)
528 8
+26 8
fi=(4)
75 8
fi=(5)
554 16
cob=(3)
cfi=(52) ???
cfn=(196) memcpy@GLIBC_2.2.5
calls=1 0 
* 18
cob=(3)
cfi=(51) /build/glibc-9tT8Do/glibc-2.23/time/../sysdeps/unix/sysv/linux/x86/gettimeofday.c
cfn=(192) gettimeofday
calls=1 37 
* 66
cob=(3)
cfi=(50) /build/glibc-9tT8Do/glibc-2.23/string/../sysdeps/x86_64/multiarch/strspn.S
cfn=(190) strspn
calls=1 30 
* 6
cob=(3)
cfi=(49)
cfn=(188)
calls=1 45 
* 6
cob=(3)
cfi=(45) /build/glibc-9tT8Do/glibc-2.23/string/../sysdeps/x86_64/multiarch/strcmp.S
cfn=(186) strncasecmp
calls=1 129 
* 5
cob=(3)
cfi=(49)
cfn=(184)
calls=1 45 
* 6
cob=(3)
cfi=(46) /build/glibc-9tT8Do/glibc-2.23/time/../sysdeps/unix/sysv/linux/x86/time.c
cfn=(178) time
calls=1 38 
* 66
cob=(3)
cfi=(45)
cfn=(176) strcasecmp
calls=1 109 
* 5
fi=(4)
75 8
fi=(5)
555 8
fi=(4)
75 11
fe=(44)
258 2
fi=(4)
75 14
fe=(44)
258 14
+3 16
+24 4
+3 8
+17 12
+2 32
fi=(4)
84 5
-1 5
+3 10
-3 5
+3 5
+12 15
+10 6
+3 8
fi=(5)
512 2
fi=(4)
112 4
fi=(5)
512 1194
fi=(4)
112 2380
fi=(5)
512 2380
+5 2384
+1 2384
fi=(4)
111 2384
fi=(5)
518 1192
fi=(4)
111 1192
+7 15
+6 4
-3 8
+3 10
fi=(5)
447 9
fi=(4)
127 372
+9 186
+3 93
-3 93
+3 93
fi=(5)
269 93
fi=(4)
138 93
-2 93
+1 372
fi=(5)
269 93
+21 186
+4 186
+7 1778
fi=(4)
137 76
fi=(5)
301 152
fi=(4)
137 76
fi=(5)
301 76
fi=(4)
137 76
fi=(5)
301 1216
cfi=(6) /build/glibc-9tT8Do/glibc-2.23/elf/dl-lookup.c
cfn=(170) _dl_lookup_symbol_x
calls=76 806 
* 42751
* 608
+2 237
+3 92
-3 184
+3 276
+6 558
fe=(44)
178 8
fi=(5)
435 237
fi=(4)
124 285
+19 6
fi=(5)
301 54
fi=(4)
108 3
fi=(5)
407 42
+4 70
+14 70
fe=(44)
313 20
+3 4
-3 8
+3 4
+4 8
+1 16
cfi=(38) /build/glibc-9tT8Do/glibc-2.23/misc/../sysdeps/unix/syscall-template.S
cfn=(124) mprotect
calls=4 84 
* 20
* 12
fi=(5)
123 15
+6 12
fe=(44)
258 3
fi=(4)
129 8
fi=(5)
301 87
fi=(4)
160 7
+2 20
+8 10
+1 5
-1 5
+1 5
fi=(5)
+98 5
fi=(4)
-99 15
fi=(5)
+99 5
+21 10
fe=(44)

ob=(3)
fl=(91)
fn=(372)
43 24
-1 6
+1 6
cfi=(95) /build/glibc-9tT8Do/glibc-2.23/stdio-common/vfscanf.c
cfn=(384) _IO_vfscanf
calls=6 279 
* 5585
+2 36

fl=(73) /build/glibc-9tT8Do/glibc-2.23/elf/dl-addr.c
fn=(298) _dl_addr
126 9
+5 1
-5 2
+5 2
cob=(1)
cfi=(2) /build/glibc-9tT8Do/glibc-2.23/elf/rtld.c
cfn=(50) rtld_lock_default_lock_recursive
calls=1 688 
* 2
+2 2
cob=(1)
cfi=(65) /build/glibc-9tT8Do/glibc-2.23/elf/../sysdeps/x86_64/dl-trampoline.h
cfn=(259) _dl_runtime_resolve_avx'2
calls=1 -69 
* 1237
* 5
+2 2
30 1
+1 1
-1 1
+1 1
+3 2
+5 1
+6 1
-7 1
+2 2
+2 1
-2 1
+2 1
+3 1
+5 8
+2 1
+1 2
-1 1010
+1 2020
+2 3628
+9 2010
+7 24
-2 24
+2 2259
-2 2211
+2 5750
-10 11175
+2 8940
+1 14318
+7 1011
-21 2022
+49 3
+1 1
+1 3
+3 2
+37 2
cob=(1)
cfi=(2)
cfn=(52) rtld_lock_default_unlock_recursive
calls=1 694 
* 2
+3 9
-28 1
+1 1
+21 2

fl=(46)
fn=(178)
38 1
-1 1
+1 6
fi=(47) /build/glibc-9tT8Do/glibc-2.23/time/../sysdeps/generic/dl-hash.h
+10 3
+14 4
-17 3
+3 9
+14 12
-17 9
fe=(46)
-7 3
+3 2
-3 1
+3 1
cfi=(48) /build/glibc-9tT8Do/glibc-2.23/elf/../sysdeps/unix/sysv/linux/dl-vdso.c
cfn=(182) _dl_vdso_vsym
calls=1 -14 
* 6
+1 3
+1 2

fl=(86)
fn=(352)
28 1
+1 1
-1 2
+1 2
+5 3

fl=(59)
fn=(234)
24 1
+1 1
+1 1
+1 1
+1 1
+1 1
+1 1
+1 1
+1 1
+1 1
+1 1
+1 1
+1 1
+1 1
+1 1
+1 1
+1 1
+11 1
+1 1
+1 1
+1 1
+1 1
+1 1
+1 1
+1 1
+1 1
+1 1
+1 1
+1 1
+1 1
+1 1
+1 1
+1 1
+1 1
+1 1
+1 1
+1 1
+1 1
+1 1
+1 1
+1 1
+1 1
+1 1
+1 1
+1 1
+1 1
+1 1
+1 1
+1 1
+1 1
+1 1
+1 1
+1 1
+1 1

fl=(52)
fn=(196)
0 18

fl=(112) /build/glibc-9tT8Do/glibc-2.23/string/../string/strstr.c
fn=(464) __GI_strstr
53 7
+10 3
+2 2
+1 1
+23 8
-26 1
-5 2

fl=(51)
fn=(192)
37 1
-1 1
+1 6
fi=(47)
+11 3
+14 4
-17 3
+3 9
+14 12
-17 9
fe=(51)
-8 3
+3 2
-3 1
+3 1
cfi=(48)
cfn=(182)
calls=1 -13 
* 6
+1 3
+1 2

fl=(116) /build/glibc-9tT8Do/glibc-2.23/libio/filedoalloc.c
fn=(484) _IO_file_doallocate
95 5
+15 6
cfi=(110) /build/glibc-9tT8Do/glibc-2.23/libio/fileops.c
cfn=(486) _IO_file_stat
calls=1 1229 
* 14
* 2
+2 4
+11 3
+4 2
cob=(2) ???
cfi=(16) ???
cfn=(450) 0x0000000004c498a0
calls=1 0 
* 181
* 1
+2 1
-1 2
+2 4
cfi=(92)
cfn=(382) _IO_setb
calls=1 380 
* 18
+1 1
+1 5

fl=(118) /build/glibc-9tT8Do/glibc-2.23/string/../sysdeps/x86_64/memcpy.S
fn=(494) __GI_mempcpy
61 132217721
+4 132217721
+3 132217721
+1 132217721
+2 132185429
+1 132185429
+2 132185429
+1 132185429
+5 132185429
+1 132185429
-1 32292
+1 32292
+2 132185431
+1 132185431
+2 132185431
+1 132185431
+5 132185431
+1 132185431
-1 32290
+1 32290
+2 2
+1 2
+2 2
+1 2
+5 2
+1 2
-1 132217719
+1 132217719
+11 132217721
+1 132217721
+21 132217721
+4 132217721

fl=(50)
fn=(190)
30 1
+1 1
+1 1
+1 1
+1 1
+1 1

fl=(76) /build/glibc-9tT8Do/glibc-2.23/misc/sbrk.c
fn=(314) sbrk
34 4094
+8 4094
-8 12282
+8 24561
+4 8188
+4 24546
+5 4029
+7 20160
-19 2
cfi=(77) /build/glibc-9tT8Do/glibc-2.23/misc/../sysdeps/unix/sysv/linux/x86_64/brk.c
cfn=(316) brk
calls=1 -12 
* 12
* 4
+15 8182
cfi=(77)
cfn=(316)
calls=4091 -27 
* 61179
* 8182
+4 310

fl=(48)
fn=(182)
27 8
+4 8
-3 8

fl=(114) /build/glibc-9tT8Do/glibc-2.23/stdio-common/vfprintf.c
fn=(474) vfprintf
1236 8
+31 3
+8 4
+4 5
+11 5
+11 1
fi=(126) /build/glibc-9tT8Do/glibc-2.23/stdio-common/printf-parse.h
108 3
fe=(114)
1316 1
-15 5
fi=(126)
108 1
cfi=(115) /build/glibc-9tT8Do/glibc-2.23/string/../sysdeps/x86_64/strchr.S
cfn=(476) strchrnul
calls=1 -84 
* 20
fe=(114)
1316 1
fi=(126)
108 1
fe=(114)
1312 1
+4 2
+4 8
cfi=(110)
cfn=(478) _IO_file_xsputn@@GLIBC_2.2.5
calls=1 -33 
* 435
* 4
1685 5
+3 1
+1 8
1316 6
+1 14
1685 5
+1 2
1320 2
+4 1
-4 1
+4 2
+4 12
1552 2
-21 2
1632 2
-1 2
1370 60
-7 4
-1 4
-3 4
-1 4
+8 4
+4 4
-3 4
-10 4
-1 4
-1 4
-1 4
-1 4
+14 4
-15 4
-1 4
-1 4
-1 4
+18 8
1649 4
+2 8
+8 4
fi=(126)
108 8
fe=(114)
1659 4
fi=(126)
108 4
fe=(114)
1659 4
fi=(126)
108 8
cfi=(115)
cfn=(476)
calls=4 -84 
* 80
fe=(114)
1663 4
-4 4
+4 44
cfi=(110)
cfn=(478)
calls=4 1287 
* 260
* 52
+2 9
-34 177
cfi=(110)
cfn=(478)
calls=3 1287 
* 207
* 30
+1 8
-1 36
cfi=(119) /build/glibc-9tT8Do/glibc-2.23/stdio-common/_itoa.c
cfn=(496) _itoa_word
calls=3 168 
* 186
* 99
+1 10
cfi=(110)
cfn=(478)
calls=1 1287 
* 65
* 10
-1 48
+1 34

fl=(77)
fn=(316)
31 32736
+8 4092
-6 8184
+7 63
-5 8058
+1 4029
+4 4029

fl=(63) /build/glibc-9tT8Do/glibc-2.23/elf/dl-altinit.c
fn=(246) dlinit_alt
33 3
+1 1

fl=(80) /build/glibc-9tT8Do/glibc-2.23/signal/../nptl/sigaction.c
fn=(324) sigaction
34 6
+6 2
cfi=(81)
cfn=(326)
calls=2 +7 
* 163

fl=(82) /build/glibc-9tT8Do/glibc-2.23/gmon/../sysdeps/unix/sysv/linux/prof-freq.c
fn=(328) __profile_frequency
27 2
+1 1

fl=(88) /build/glibc-9tT8Do/glibc-2.23/gmon/../sysdeps/x86_64/_mcount.S
fn=(360) mcount
32 132250005
+1 132250005
+1 132250005
+1 132250005
+1 132250005
+1 132250005
+1 132250005
+1 132250005
+4 132250005
+2 132250005
+2 132250005
cfi=(89) /build/glibc-9tT8Do/glibc-2.23/gmon/mcount.c
cfn=(362) __mcount_internal
calls=132250005 +13 
* 3703000162
+6 132250005
+1 132250005
+1 132250005
+1 132250005
+1 132250005
+1 132250005
+1 132250005
+1 132250005
+1 132250005

fl=(115)
fn=(476)
24 5
+1 5
+1 5
+1 5
+1 5
+1 5
+1 5
+1 5
+1 5
+1 5
+1 5
+1 5
+1 5
+1 5
+1 5
+1 5
+1 5
+1 5
+2 5
+7 5

fl=(69) /build/glibc-9tT8Do/glibc-2.23/gmon/gmon.c
fn=(546) _mcleanup
418 1
+1 2
cfn=(320) moncontrol
calls=1 80 
* 111
+2 2
+1 1
cfn=(548) write_gmon
calls=1 -87 
* 488

fn=(548)
335 1
+8 1
-8 7
+8 1
cfi=(125) /build/glibc-9tT8Do/glibc-2.23/stdlib/getenv.c
cfn=(550) getenv
calls=1 34 
* 476
+1 2

fn=(320)
80 4
-4 2
+7 4
+9 5
cfi=(79) /build/glibc-9tT8Do/glibc-2.23/gmon/../sysdeps/posix/profil.c
cfn=(322) profil
calls=1 -28 
* 98
+1 1
+2 4
-9 5
cfi=(79)
cfn=(322)
calls=1 -22 
* 178
+1 2

fn=(282) monstartup
101 2
+9 1
-9 2
+10 1
+13 1
-14 1
+1 1
-10 1
+9 1
+2 1
-1 1
+3 1
-2 1
+9 1
+3 1
-11 1
-1 1
+1 1
+11 1
-11 1
+10 1
+1 2
-11 2
+11 1
+1 2
+6 2
-2 1
+2 2
cob=(1)
cfi=(65)
cfn=(259)
calls=1 -67 
* 60434
* 5
+1 2
+15 1
-7 1
-1 1
+9 1
-7 1
+2 1
+5 1
-3 1
-2 1
+23 1
-18 1
+3 11
+18 1
-1 1
+1 4
-1 1
cfn=(320)
calls=1 -88 
* 192
-41 2
+1 1
-4 3

fl=(103) /build/glibc-9tT8Do/glibc-2.23/stdlib/../sysdeps/ieee754/dbl-64/mpn2dbl.c
fn=(412) __mpn_construct_double
39 4
-6 12
+7 4
-7 4
+6 8
+1 12
+6 8
+1 4

fl=(93)
fn=(378)
36 48
+4 12
+1 18
cfi=(94) /build/glibc-9tT8Do/glibc-2.23/string/../sysdeps/x86_64/rawmemchr.S
cfn=(380) rawmemchr
calls=6 -16 
* 108
* 6
+5 30
cfi=(92)
cfn=(382)
calls=6 380 
* 108
+5 6
-3 6
+1 6
+1 6
+1 6
+13 6
+1 36
-6 6
+1 6
+1 12

fn=(392) _IO_str_underflow
144 24
+2 30
+6 12
+3 6
+1 6

fl=(89)
fn=(362)
60 132250005
+12 264500010
-12 132250005
+12 264500010
+9 132250005
+1 264500010
+15 661250020
+1 132250004
+1 264500008
+4 9
+1 3
-1 3
+1 3
+4 3
+1 6
+1 3
+1 3
+1 3
+57 3
+5 6
-5 132250002
+5 264500004
-59 396750003
+1 396750001
+14 6
+7 4
+1 2
-1 2
+1 2
+3 4
+1 2
+1 2
+1 4
+1 2
+1 2
-26 132249999
+1 132249999

fl=(109) /build/glibc-9tT8Do/glibc-2.23/libio/iofopen.c
fn=(466) __fopen_maybe_mmap
41 1
-2 1
+2 1
+15 1

fn=(448) __fopen_internal
61 6
+8 1
-8 2
+8 1
cob=(2)
cfi=(16)
cfn=(450)
calls=1 -69 
* 184
+2 3
+3 1
+3 4
-3 1
+3 2
cfi=(92)
cfn=(374)
calls=1 599 
* 58
+4 1
+1 1
-1 1
+1 1
cfi=(110)
cfn=(452) _IO_file_init@@GLIBC_2.2.5
calls=1 +62 
* 94
+4 5
cfi=(110)
cfn=(456) _IO_file_fopen@@GLIBC_2.2.5
calls=1 249 
* 131
* 1
+1 1
-1 1
+6 5
-5 1
cfn=(466)
calls=1 -46 
* 4

fn=(446) fopen@@GLIBC_2.2.5
97 2
cfn=(448)
calls=1 -36 
* 510

fl=(123) /build/glibc-9tT8Do/glibc-2.23/stdlib/exit.c
fn=(540) exit
104 1
-1 1
+1 2
cfn=(542) __run_exit_handlers
calls=1 -69 
* 649

fn=(542)
35 8
+5 1
cfi=(124) /build/glibc-9tT8Do/glibc-2.23/stdlib/cxa_thread_atexit_impl.c
cfn=(544) __call_tls_dtors
calls=1 145 
* 11
* 1
+6 5
+4 3
+3 1
-1 1
+2 5
+24 1
+4 1
-4 1
+2 1
+2 1
-2 2
+2 1
cfi=(69)
cfn=(546)
calls=1 418 
* 605

fl=(71) /build/glibc-9tT8Do/glibc-2.23/malloc/hooks.c
fn=(292) malloc_hook_ini
29 4
fi=(72) /build/glibc-9tT8Do/glibc-2.23/malloc/arena.c
260 1
fe=(71)
30 1
fi=(72)
260 1
fe=(71)
30 1
fi=(72)
260 1
fi=(70) /build/glibc-9tT8Do/glibc-2.23/malloc/malloc.c
2909 7
+2 3
cfn=(306) _int_malloc
calls=1 3347 
* 1030
+3 1
-3 1
+3 1
+8 4
+2 11
fe=(71)
33 4
fi=(70)
2909 6
+12 1
cfi=(72)
cfn=(296) ptmalloc_init.part.5
calls=1 258 
* 58197
* 1
-15 2
fe=(71)

fl=(99) /build/glibc-9tT8Do/glibc-2.23/string/../sysdeps/x86_64/multiarch/../memcpy.S
fn=(402) __GI_memcpy
61 4
+2 4
+2 4
+3 4
+1 4
+11 4
+1 4
+11 4
+1 4
+11 4
+1 4
+2 4
+1 4
+2 4
+1 4
+5 4
+1 4
+23 4

fl=(68) /build/glibc-9tT8Do/glibc-2.23/stdlib/cxa_atexit.c
fn=(268) __new_exitfn
73 4
+6 2
-6 2
+6 2
-6 2
+6 8
+2 12
+2 6
+1 5
-3 1
+10 2
-10 2
+2 2
+11 2
+25 1
+1 1
-1 1
+1 1
-1 1
+7 1
+1 1
+3 2
-4 1
+1 1
+3 6
+3 10
-21 1
+1 2

fn=(266) __cxa_atexit
57 10
-22 2
+22 2
-22 2
cfn=(268)
calls=2 +38 
* 82
+2 4
+4 2
+3 2
+1 2
-4 4
+2 2
+4 2
+1 2
+11 8

fl=(124)
fn=(544)
145 3
+1 4
+18 4

fl=(70)
fn=(308) malloc_consolidate
4142 2
4994 4
1806 3
-3 2
+3 378
-3 252
+7 3
+5 1
+2 1
-2 2
-1 3

fn=(306)
3347 396750012
-30 264500008
+30 132250004
-30 529000016
+30 396750012
-30 132250004
+30 396750012
+4 396750012
+14 264500008
+2 396750000
+2 132250000
-1 132250000
-1 132250000
+1 132250000
+5 264500000
+29 264500008
+2 396750003
+1 396750003
+2 132250001
-2 132250001
+2 264500002
+39 28
+1 6
+1 2
cfn=(308)
calls=1 4142 
* 651
3817 1851500056
-2 132250004
+2 132250004
-2 132250004
+2 264500008
5000 132250004
3815 132250004
+2 132250004
5002 132250004
3817 132250004
5002 132250004
3817 396750012
5002 264500008
3817 529000016
5000 264500008
3467 661250020
3831 1190250036
3601 264500008
+73 264500008
+1 264500008
+1 264500008
+1 264500008
+1 264500008
+5 264500008
+4 396750012
+3 529000004
-3 396750003
+3 529000004
-3 264500002
+3 396750000
3790 132250004
+3 132250004
-2 264500008
+2 264500008
+17 8184

ob=(1)
fl=(44)
fn=(164)
fi=(5)
294 10
+7 180
cfi=(6)
cfn=(170)
calls=5 806 
* 2409
* 35
+2 15
+3 1
-3 2
+3 3
+6 30
435 15
fi=(4)
160 17
+14 2
fi=(5)
301 6
fe=(44)

fl=(6)
fn=(174) check_match
92 704
+3 616
+12 528
+3 440
cfi=(19) /build/glibc-9tT8Do/glibc-2.23/string/../sysdeps/x86_64/multiarch/../strcmp.S
cfn=(54) strcmp
calls=22 +34 
* 866
* 44
+5 88
-1 88
+1 88
+2 172
+19 172
+1 688
+46 88
-7 88
+7 440
-18 4
+2 2
+1 8
-1 10
-29 258
cfi=(19)
cfn=(54)
calls=86 +6 
* 2577
* 258

fn=(170)
806 1023
568 93
806 372
568 465
+1 93
-1 93
+1 279
-1 279
+1 1143
-1 1143
+1 3429
-1 3615
808 93
+4 93
+4 93
-8 93
+1 186
+7 265
+7 93
-2 93
+2 93
-2 93
+6 93
-7 93
+7 186
-7 558
+15 5
-8 25
+2 1302
cfn=(172) do_lookup_x
calls=93 355 
* 36019
+3 279
+26 186
+22 88
+1 616
+31 88
+9 440
+14 264
+3 352
+5 88
+2 744
-85 35
+16 5
+1 10
+59 2

fn=(172)
355 651
+1 93
-1 465
+48 93
-30 93
-11 93
+41 93
+7 186
-7 186
-30 372
+37 372
-44 186
+3 186
-3 390
+3 390
+4 576
+4 576
+4 576
+6 864
+8 288
-4 288
+1 288
+3 576
+1 864
+3 288
+1 576
+2 576
+8 288
-8 288
+8 2880
-99 200
553 1468
+1 74
cfi=(34) /build/glibc-9tT8Do/glibc-2.23/elf/dl-misc.c
cfn=(106) _dl_name_match_p
calls=37 288 
* 3778
* 111
+3 600
+3 5
+1 744
-92 176
+50 652
+4 39
+12 176
+1 88
+1 176
413 552
+2 184
+2 1196
+13 273
-10 895
+2 176
+1 440
-1 88
+1 616
-1 88
+1 264
cfn=(174)
calls=88 92 
* 8227
+4 264
+34 8
+94 28
439 792

fn=(10) _dl_setup_hash
956 12
+4 4
+4 8
+2 4
-1 4
+3 12
+1 4
+1 4
+3 4
-3 4
+7 4
-4 4
-1 4
+3 4
+2 4
-7 4
+7 4
+1 4

fl=(41) /build/glibc-9tT8Do/glibc-2.23/io/../sysdeps/unix/sysv/linux/wordsize-64/xstat.c
fn=(138) _xstat
34 8
-1 8
+1 8
+1 48
+4 2
-4 24

fl=(11) /build/glibc-9tT8Do/glibc-2.23/string/../sysdeps/x86_64/strlen.S
fn=(22) strlen
66 18
+1 18
+1 18
+1 18
+1 18
+1 18
+1 18
+2 18
+2 18
+30 17
+1 17
+1 17
+1 17
+1 17
+1 7
+1 7
+4 10
+1 10
+1 10
+1 10
+1 10
+1 10
+1 10
+1 10
+1 10
+1 10
+1 10
+1 10
+5 80
+4 1
+1 14
+1 8

fl=(31) /build/glibc-9tT8Do/glibc-2.23/elf/dl-tls.c
fn=(90) _dl_count_modids
115 2
+1 2

fn=(146) _dl_next_tls_modid
49 1
+3 4
+48 1
+4 2

fn=(200) _dl_allocate_tls_init
450 2
-1 7
+5 1
+6 3
-6 1
+6 1
-4 1
+16 1
-15 3
+20 6
+6 16
+3 1
+1 2
+6 3
+3 1
-2 2
+2 4
+1 1
+3 1
-1 3
+4 2
+1 4
+2 2
+9 6
cfi=(25) /build/glibc-9tT8Do/glibc-2.23/string/../sysdeps/x86_64/memcpy.S
cfn=(70) mempcpy
calls=1 61 
* 23
* 4
cfi=(27)
cfn=(74)
calls=1 53 
* 30
* 2
-38 3
+52 2
+2 1
+1 8

fn=(162) _dl_allocate_tls_storage
354 3
+2 1
+11 3
cfi=(17) /build/glibc-9tT8Do/glibc-2.23/elf/dl-minimal.c
cfn=(44) __libc_memalign
calls=1 52 
* 76
* 1
+1 2
+7 2
+4 1
-57 1
+57 296
-58 2
+1 2
cfi=(17)
cfn=(36) calloc
calls=1 103 
* 38
* 1
+1 2
+3 1
+6 2
+64 5

fn=(198) _dl_add_to_slotinfo
890 3
+9 1
-9 1
+6 2
+8 5
+41 1
+1 3
+1 4

fn=(160) _dl_determine_tlsoffset
138 7
+6 3
+3 2
+36 3
+2 10
+3 1
-1 1
+5 2
-5 3
+3 3
+2 5
+16 3
+2 2
-2 2
+2 2
+10 1
-37 2
+25 1
-25 4
+40 4
+1 1
+51 1
+1 8

fl=(36) /build/glibc-9tT8Do/glibc-2.23/io/../sysdeps/unix/sysv/linux/wordsize-64/fxstat.c
fn=(120) _fxstat
34 3
-1 3
+1 3
+1 18
+4 3

fl=(32) /build/glibc-9tT8Do/glibc-2.23/elf/dl-error.c
fn=(96) _dl_catch_error
163 6
+15 3
-3 6
+1 6
-13 6
+14 6
+1 3
+2 3
cfi=(2)
cfn=(98) _dl_initial_error_catch_tsd
calls=3 648 
* 6
+2 3
-1 3
+4 3
-3 6
+3 3
-4 3
+4 3
cfi=(33) /build/glibc-9tT8Do/glibc-2.23/setjmp/../sysdeps/x86_64/setjmp.S
cfn=(100) __sigsetjmp
calls=3 26 
* 60
* 9
+2 9
cfi=(40) /build/glibc-9tT8Do/glibc-2.23/elf/dl-deps.c
cfn=(134) openaux
calls=2 60 
* 6989
cfi=(2)
cfn=(102) map_doit
calls=1 480 
* 2372
+1 6
+2 3
+1 3
-3 3
+1 6
+1 3
+9 3
-8 3
+8 9

fn=(148) _dl_receive_error
205 10
+1 1
cfi=(2)
cfn=(98)
calls=1 648 
* 2
+5 1
-1 1
-4 1
+9 1
+2 1
-3 1
+3 1
cfi=(2)
cfn=(150) version_check_doit
calls=1 513 
* 2830
+2 1
+1 1
+1 8

fl=(7) /build/glibc-9tT8Do/glibc-2.23/elf/../elf/dl-sysdep.c
fn=(12) _dl_sysdep_start
86 8
+25 1
-1 1
+1 222
+6 1
-3 1
+1 1
-4 1
+3 1
+3 4
+1 2
-1 25
+1 105
-1 102
+62 1
+1 1
-1 1
+1 1
-29 1
+1 2
+11 1
+1 1
-1 1
+1 1
-7 1
+1 1
-1 1
+1 1
-4 1
+1 2
-25 1
+1 2
-4 1
+1 2
-7 1
+1 1
+2 1
+1 1
fi=(9) /build/glibc-9tT8Do/glibc-2.23/elf/../sysdeps/unix/sysv/linux/dl-sysdep.c
-90 2
cfi=(10)
cfn=(18)
calls=1 -4 
* 11
fi=(5)
223 5
fi=(8) /build/glibc-9tT8Do/glibc-2.23/elf/../sysdeps/x86/cpu-features.c
61 2
+3 1
-3 1
+3 9
175 3
+1 1
+3 2
+1 1
+2 2
+1 7
+7 3
+4 2
+2 4
+51 2
fe=(7)
-16 1
fi=(8)
+27 1
+1 1
+1 1
fe=(7)
-29 1
+1 1
cfi=(11)
cfn=(22)
calls=1 66 
* 32
* 1
+2 2
cfi=(12) /build/glibc-9tT8Do/glibc-2.23/elf/../misc/sbrk.c
cfn=(24) sbrk
calls=1 34 
* 17
* 3
+12 3
+3 5
cfi=(2)
cfn=(26) dl_main
calls=1 738 
* 91942
+1 1
+1 8
fi=(8)
-4 2
+1 4
+1 4
-49 2
+1 1
+6 3
+5 3
+16 2
+3 2
29 2
+4 1
-4 1
+5 1
-1 1
+2 1
-1 1
+1 1
-2 1
+1 1
+1 1
+1 1
-7 2
+3 1
+4 1
+5 1
+32 2
-32 1
+27 1
+5 1
+3 1
+1 8
+57 2
-66 2
+44 2
250 2
+1 4
fe=(7)

fn=(202) _dl_sysdep_start_cleanup
256 1

fl=(74) /build/glibc-9tT8Do/glibc-2.23/elf/dl-open.c
fn=(304) _dl_find_dso_for_object
182 5
+1 4
+1 12
+1 2
+3 2
+4 1
-9 6

fl=(65)
fn=(258) _dl_runtime_resolve_avx
64 1
+3 1
+2 1
+2 1
+3 1
+1 1
+1 1
+1 1
+1 1
+1 1
+1 1
+1 1
+1 1
+1 1
+1 1
+1 1
+1 1
+1 1
+1 1
+5 1
+1 1
+1 1
+1 1
+14 1
+1 1
+1 1
cfi=(66) /build/glibc-9tT8Do/glibc-2.23/elf/../elf/dl-runtime.c
cfn=(260) _dl_fixup
calls=1 -46 
* 948
+1 1
+5 1
+1 1
+1 1
+1 1
+13 1
+1 1
+1 1
+1 1
+1 1
+1 1
+1 1
+1 1
+1 1
+1 1
+1 1
+1 1
+1 1
+1 1
+1 1
+2 1
+2 1
+4 1
+3 1
cob=(3)
cfi=(67) /build/glibc-9tT8Do/glibc-2.23/csu/../csu/libc-start.c
cfn=(264) (below main)
calls=1 -25 
* 1305543577697

fn=(259)
64 11
+3 11
+2 11
+2 11
+3 11
+1 11
+1 11
+1 11
+1 11
+1 11
+1 11
+1 11
+1 11
+1 11
+1 11
+1 11
+1 11
+1 11
+1 11
+5 11
+1 11
+1 11
+1 11
+14 11
+1 11
+1 11
cfi=(66)
cfn=(260)
calls=11 -46 
* 9492
+1 11
+5 11
+1 11
+1 11
+1 11
+13 11
+1 11
+1 11
+1 11
+1 11
+1 11
+1 11
+1 11
+1 11
+1 11
+1 11
+1 11
+1 11
+1 11
+1 11
+2 11
+2 11
+4 11
+3 11
cob=(3)
cfi=(122) /build/glibc-9tT8Do/glibc-2.23/libio/iofclose.c
cfn=(516) fclose@@GLIBC_2.2.5
calls=1 39 
* 765
cob=(3)
cfi=(120) /build/glibc-9tT8Do/glibc-2.23/libio/iofwrite.c
cfn=(502) fwrite
calls=1 31 
* 132
cob=(3)
cfi=(113) /build/glibc-9tT8Do/glibc-2.23/stdio-common/fprintf.c
cfn=(472) fprintf
calls=1 27 
* 2135
cob=(3)
cfi=(109)
cfn=(446)
calls=1 -62 
* 512
cob=(3)
cfi=(70)
cfn=(426) malloc
calls=1 2900 
* 280
cob=(3)
cfi=(90) /build/glibc-9tT8Do/glibc-2.23/stdio-common/isoc99_sscanf.c
cfn=(370) __isoc99_sscanf
calls=1 26 
* 1362
cob=(3)
cfi=(88)
cfn=(360)
calls=1 32 
* 32
cob=(3)
cfi=(68)
cfn=(266)
calls=1 57 
* 66
cfi=(74)
cfn=(304)
calls=1 +23 
* 32
cob=(3)
cfi=(70)
cfn=(290) calloc
calls=1 3170 
* 59835
cob=(3)
cfi=(69)
cfn=(282)
calls=1 -58 
* 60703

fl=(33)
fn=(100)
26 3
+9 3
+1 6
+1 3
+4 3
+1 3
+1 3
+1 3
+1 3
+2 6
+2 3
+1 3
+1 3
+2 6
+2 3
+4 3
+1 3

fl=(1) ???
fn=(0) 0x0000000000000cc0
0 2
cfi=(2)
cfn=(2) _dl_start
calls=1 337 
0 93296
0 14
cfi=(53) /build/glibc-9tT8Do/glibc-2.23/elf/dl-init.c
cfn=(210) _dl_init
calls=1 80 
0 1638
0 3
cob=(5) /media/storage/university/2017-1/prog_paralela/EPS/ep1/src/mandelbrot_seq
cfi=(64) ???
cfn=(250) _start
calls=1 0 
0 1305543578711

fl=(43) /build/glibc-9tT8Do/glibc-2.23/elf/dl-version.c
fn=(156) match_symbol
76 44
+9 4
-8 4
-1 8
+1 4
+8 4
+6 12
+15 4
+1 8
+2 4
+5 8
+14 42
+12 51
+4 17
-30 34
+19 20
cfi=(19)
cfn=(54)
calls=4 +11 
* 186
* 8
+35 32

fn=(154) _dl_check_map_versions
189 12
-15 36
+17 4
+3 12
-3 4
+2 4
+1 4
+2 4
-3 4
+3 4
+3 4
+4 2
-4 2
+4 8
+17 2
56 4
220 2
56 10
+1 5
-1 10
+2 21
cfi=(34)
cfn=(106)
calls=7 288 
* 851
* 16
228 6
+5 16
+19 2
-15 62
cfn=(156)
calls=2 76 
* 312
* 8
cfn=(156)
calls=2 76 
* 182
* 4
+7 24
+3 12
+9 12
+14 4
+3 8
+10 28
-7 112
+3 84
-3 8
+3 6
+8 9
+87 8
-81 12
cfi=(17)
cfn=(36)
calls=3 103 
* 114
* 3
+1 3
-2 3
+2 3
+11 3
+2 3
-5 3
+3 3
+2 3
-2 3
+2 3
+3 8
+4 6
+18 2
-15 6
+2 6
-2 6
+2 6
+2 4
+1 4
-1 8
+1 4
-1 4
+1 4
+1 4
-2 4
+2 8
+1 12
+3 12
+8 6
+10 9
+3 8
+20 28
-14 60
-2 28
+7 56
+1 28
-1 84
+1 28
-1 28
+1 28
+1 28
+3 90
+10 27
183 2
-8 2
+95 4
-80 2

fn=(152) _dl_check_all_versions
380 5
+4 7
+2 28
cfn=(154)
calls=4 189 
* 2745
-2 4
+2 12
-1 4
-1 8
+5 7

fl=(66)
fn=(260)
66 24
+5 24
-5 12
+3 24
+3 12
-1 24
-3 12
+5 72
+1 12
-1 12
+1 24
+5 24
+4 24
+4 36
+4 12
+1 60
+2 48
+7 24
-1 12
+1 12
+10 108
cfi=(6)
cfn=(170)
calls=12 806 
* 9540
* 12
+4 60
+10 72
+16 12
-8 12
+8 36
+4 36
fi=(5)
+90 12
fe=(66)
-86 36

fl=(22) /build/glibc-9tT8Do/glibc-2.23/elf/dl-load.c
fn=(108) open_verify.constprop.7
1695 154
+39 14
-39 42
+39 54
+31 56
cfi=(24) /build/glibc-9tT8Do/glibc-2.23/io/../sysdeps/unix/syscall-template.S
cfn=(110) open
calls=14 84 
* 118
+2 14
-2 14
+2 16
+10 2
+1 4
+5 16
cfi=(24)
cfn=(112) read
calls=2 84 
* 10
+2 4
+2 2
+2 2
-2 4
+2 2
+6 4
+16 8
cfi=(14) /build/glibc-9tT8Do/glibc-2.23/string/../sysdeps/x86_64/multiarch/../memcmp.S
cfn=(30) bcmp
calls=2 24 
* 57
* 18
cfi=(14)
cfn=(30)
calls=2 24 
* 72
* 4
+74 4
+5 4
+2 8
+6 4
+11 4
+6 2
+1 2
-1 8
+1 2
-1 2
+1 4
+1 6
+20 106
+2 36
+4 8
+1 6
+12 14
+4 6
+5 1
+1 1
-13 4
cfi=(14)
cfn=(30)
calls=1 24 
* 25
* 8
cfi=(14)
cfn=(30)
calls=2 24 
* 60
* 6
+16 2
+3 7
+3 3
+1 5
-39 2
+67 28
-23 12
+23 84
1804 2
+7 4
cfi=(14)
cfn=(30)
calls=1 24 
* 24
* 2

fn=(64) _dl_init_paths
661 1
+13 2
-13 8
+13 3
cfi=(23) /build/glibc-9tT8Do/glibc-2.23/elf/dl-hwcaps.c
cfn=(66) _dl_important_hwcaps
calls=1 39 
* 398
+5 1
-5 1
+5 1
cfi=(17)
cfn=(40) malloc
calls=1 94 
* 29
* 1
+1 1
-2 1
+2 2
+8 1
-1 1
+1 2
-1 1
+1 1
-1 3
+5 1
-5 1
+5 1
cfi=(17)
cfn=(40)
calls=1 94 
* 80
* 1
+2 1
-3 1
+3 1
+17 1
+12 1
-9 2
+6 1
-19 1
+10 1
+12 1
-11 1
+2 1
+1 4
-15 1
+23 4
-3 21
cfi=(27)
cfn=(74)
calls=4 53 
* 60
* 4
+3 27
-14 3
+2 3
+1 3
+2 6
-3 3
+4 9
+4 3
-3 3
+3 3
+1 3
-4 9
+4 3
+10 1
+4 1
-11 1
+6 1
+6 1
-12 1
+12 1
+2 4
+2 3
+38 5
+8 3
cfi=(28) /build/glibc-9tT8Do/glibc-2.23/string/../sysdeps/x86_64/multiarch/../strchr.S
cfn=(76) index
calls=1 24 
* 47
* 2
+2 2
cfi=(11)
cfn=(22)
calls=1 66 
* 34
* 8
cfi=(18) /build/glibc-9tT8Do/glibc-2.23/string/../sysdeps/x86_64/multiarch/../memcpy.S
cfn=(46) memcpy
calls=1 61 
* 87
* 1
+4 6
+17 1
-4 4
-13 208
+17 52
-4 209
+8 1
cfi=(17)
cfn=(40)
calls=1 94 
* 29
* 1
+1 1
-2 1
+2 1
+6 9
cfn=(78) fillin_rpath
calls=1 433 
* 1954
+4 5
+6 1
+4 8
-75 1
-2 1
+2 2
+14 2

fn=(78)
433 8
+2 1
-2 9
+5 1
cfi=(17)
cfn=(80) strsep
calls=1 -84 
* 610
* 4
-66 3
cfi=(28)
cfn=(76)
calls=1 24 
* 47
* 6
cfi=(28)
cfn=(76)
calls=2 24 
* 46
* 6
+4 6
cfi=(29) /build/glibc-9tT8Do/glibc-2.23/string/strdup.c
cfn=(82) strdup
calls=3 40 
* 303
* 3
+68 6
cfi=(11)
cfn=(22)
calls=3 66 
* 66
+4 3
-4 3
+4 3
+15 3
-12 1
+19 54
+1 30
+55 6
+2 6
cob=(2)
cfi=(16)
cfn=(84) 0x0000000004000ab0
calls=3 0 
* 21
* 6
-90 3
cfi=(17)
cfn=(80)
calls=3 -84 
* 262
* 9
+94 1
+3 9
-46 6
+4 6
-1 12
cfi=(17)
cfn=(40)
calls=3 94 
* 87
* 3
+3 3
-3 3
+3 6
+5 3
+1 6
-2 3
+2 3
cfi=(25)
cfn=(70)
calls=3 61 
* 89
+3 3
-3 3
+1 3
+2 3
+1 1
+5 2
+1 1
-1 2
+1 2
-1 4
+1 2
-1 4
+1 37
+1 33
-1 6
+3 6
+1 9
+7 3
+1 3
-1 6
-67 12
+8 2
-3 6
+3 4
+26 6
-34 4
+65 6
-9 6

fn=(136) open_path
2018 8
+1 1
+6 1
-6 1
+6 1
+5 9
+52 1
-59 1
-1 1
+60 1
-52 8
+74 4
-62 1
-9 1
+9 3
-9 2
+9 2
+7 12
cfi=(25)
cfn=(70)
calls=3 61 
* 89
+1 3
-1 3
+1 15
+20 16
-20 49
+3 24
+5 24
-1 12
+1 24
-1 36
cfi=(25)
cfn=(70)
calls=12 61 
* 255
* 48
cfi=(25)
cfn=(70)
calls=12 61 
* 276
-1 12
+7 12
-7 12
+7 12
+3 108
cfn=(108)
calls=12 1695 
* 528
* 12
+2 60

ob=(3)
fl=(70)
fn=(306)
3603 9
+3 3
-3 3
+3 9
1877 16368
3446 16
3825 12276
cfn=(310) sysmalloc
calls=4092 2266 
* 1042258
+1 8184
-28 132245912
-3 132245912
+1 132245912
+2 132245912
-1 132245912
+1 264491824
+2 132245912
-2 528983648
+2 132245912
+3 132245912
1877 396737736

fn=(426)
2900 396750009
+5 264500006
+1 264500006
+3 1058000024
+2 396750009
cfn=(306)
calls=132250003 3347 
* 19706267882
+3 132250003
-3 132250003
+3 132250003
+8 529000012
+2 1454750028
+3 529000012
-18 793500018

fn=(530) _int_free
3839 18
+13 2
-13 2
+13 4
+6 8
+1 4
+11 8
+13 4
4103 16
3958 4
+1 6
+15 4
+8 6
+6 4
+1 4
+1 4
1884 6
3999 4
+7 4
+65 4
+1 4
+3 6
3960 10
+8 2
-4 2
+4 6
-7 4
4091 6
+1 6
+1 10
-41 2
+1 6
+1 4
+23 10
+2 8
cfn=(532) systrim.isra.2
calls=2 2757 
* 126
* 2

fn=(290)
3170 1
+15 1
-15 3
+10 1
+5 2
-15 1
+10 1
+5 2
+8 2
+1 2
3309 5
-25 1
cfi=(78)
cfn=(318)
calls=1 53 
* 527
-87 3
cfi=(71)
cfn=(292)
calls=1 29 
* 59278
+4 1
-3 1
+3 2
-3 1

fn=(532)
2757 14
+11 6
+2 2
+1 4
-4 2
+8 6
+2 4
-5 2
+49 16
-37 10
cfi=(75) /build/glibc-9tT8Do/glibc-2.23/malloc/morecore.c
cfn=(312) __default_morecore
calls=2 46 
* 50
* 2
+1 8

fn=(528) free
2932 10
+5 4
+1 4
+6 4
+5 2
-2 2
+2 4
+16 6
+1 4
cfn=(530)
calls=2 3839 
* 330
+1 12

fn=(310)
2266 32736
+20 4092
+11 4092
-11 4092
+11 4092
+1 20458
fi=(72)
488 12273
fe=(70)
2313 20455
+65 4091
+1 12273
+10 4091
-9 4091
+9 12275
+6 16364
+3 12273
2721 8182
+1 4091
+8 16364
+5 4091
-3 4091
+3 4091
-2 4091
+2 12273
+1 4091
-1 4091
-1 4091
+4 4091
-3 8182
+1 4091
+8 36828
2389 28630
-90 3
+14 4
+6 2
+19 3
+15 3
+5 3
+1 5
+3 3
+1 5
+98 4091
-8 16364
+8 8119
+11 20140
+8 4028
-8 4028
+8 4028
+2 20455
cfi=(75)
cfn=(312)
calls=4091 46 
* 208408
* 4091
+1 4091
+3 16364
+3 124
+1 124
+20 124
+26 8182
+2 8182
+6 4091
-6 4091
+6 12263
+1 305
2319 63
2462 63
+10 315
+8 63
-8 63
+8 63
+26 4
+3 16116
+1 4029
+3 8058
+2 36261
cfi=(107) /build/glibc-9tT8Do/glibc-2.23/misc/../sysdeps/unix/sysv/linux/wordsize-64/mmap.c
cfn=(428) mmap
calls=4029 33 
* 132957
+2 4029
-2 4029
+2 4029
+12 4029
+5 32232
+13 12094
+37 2
+6 3
+19 1
+3 2
+1 5
+2 1
-2 1
+2 1
+1 3
cfi=(75)
cfn=(312)
calls=1 46 
* 25
+12 2
+8 1
+1 1
-1 2
+1 2
+39 4030
+1 4030
-2 4030
+1 12090
+12 4030
-12 4030
+1 4030
+11 4030
+7 8058
+1 8058
+15 4029
-15 4029
+8 4029
+3 4029
+4 4029
-64 12087
-70 4029
+89 8058
2537 5
-32 12086
2321 7
cfi=(107)
cfn=(428)
calls=1 33 
* 33
+2 2

fl=(100) /build/glibc-9tT8Do/glibc-2.23/stdlib/../sysdeps/x86_64/lshift.S
fn=(404) __mpn_lshift
29 8
+1 8
+2 8
+1 8
+1 8
+12 8
+1 8
+1 8
+1 8
+1 8
+1 8
+1 8
+6 8
+1 8
+1 8

fl=(106) /build/glibc-9tT8Do/glibc-2.23/stdlib/../stdlib/strtol_l.c
fn=(418) ____strtol_l_internal
227 18
+26 4
+22 2
-1 2
+10 8
+9 12
+2 4
+5 4
+5 2
-6 2
+6 2
+4 4
+10 2
+10 6
526 16
311 2
+15 4
-79 2
371 2
+64 8
+38 2
-18 2
-4 2
+22 2
-19 2
-3 2
+4 2
-4 2
+4 4
-4 4
-14 18
-4 12
+2 26
+44 4
+5 4
+1 2
+5 4
+3 6
-28 18
+3 24
+5 6
+1 24
+17 6
+17 4
348 8

fl=(75)
fn=(312)
46 4094
+1 4094
cfi=(76)
cfn=(314)
calls=4094 -13 
* 179825
+1 12282
+4 8188

fl=(105) /build/glibc-9tT8Do/glibc-2.23/stdlib/../stdlib/strtol.c
fn=(416) __strtol_internal
98 6
cfi=(106)
cfn=(418)
calls=2 227 
* 296

fl=(45)
fn=(176)
109 1
+1 1
+1 1
+1 1
+10 1

fn=(186)
129 1
+1 1
+1 1
+1 1
+10 1

fl=(98) /build/glibc-9tT8Do/glibc-2.23/string/../sysdeps/x86_64/strlen.S
fn=(398) strlen
66 5
+1 5
+1 5
+1 5
+1 5
+1 5
+1 5
+2 5
+2 5
+30 5
+1 5
+1 5
+1 5
+1 5
+1 5
+1 5

fl=(107)
fn=(428)
33 4030
-1 40300
+1 12090
+1 40300
+2 28210
-3 8060

fl=(92)
fn=(374)
599 63
+1 7
cfn=(376) _IO_old_init
calls=7 -14 
* 157
+3 7
-2 7
+2 7
+2 1
+1 1
+1 1
+1 1
+1 1
+1 1
+1 1
+1 1
+1 1
+1 1
+1 1
+1 1
+2 1
+7 1
+1 6
-1 6
+1 36
-3 12

fn=(386) _IO_sputbackc
673 6
+3 6
-3 6
+3 12
+1 24
+9 6
+3 12
-10 18

fn=(390) _IO_default_uflow
413 6
-1 12
+1 6
cfi=(93)
cfn=(392)
calls=6 144 
* 78
+1 12
+3 12

fn=(518) _IO_un_link
60 4
-1 4
+5 6
+1 10
+2 1
-2 1
+1 1
+1 1
-2 1
+2 1
-2 1
+2 13
+2 1
-2 3
+2 2
+2 2
+13 1
+2 1
-2 1
+2 8
+2 1
-1 1
+1 8
+1 2
+3 5
-6 7
-13 1
+1 1
-1 2

fn=(538) _IO_default_finish
639 4
+2 3
+6 3
+3 3
60 2
662 4

fn=(382)
380 24
+1 34
+3 8
+2 32
-3 8
+3 16
+3 27
-7 1
cob=(2)
cfi=(16)
cfn=(526) 0x0000000004c498a8
calls=1 0 
* 192
* 5

fn=(388) __uflow
348 6
+2 18
+6 36
+3 12
+2 12
+6 12
+7 12
+1 6
-1 12
cfn=(390)
calls=6 +39 
* 126
-24 12
+22 18

fn=(454) _IO_link_in
98 6
-1 2
+3 2
-3 1
+5 1
-2 1
+2 5
+1 10
+2 1
-2 1
+1 1
+1 1
-2 1
+2 1
-2 1
+2 13
+2 1
-2 1
+4 1
+2 1
-3 1
-1 1
+4 7
+2 1
-1 1
+1 8
+1 2
+3 5
-6 7

fn=(492) _IO_default_xsputn
425 193726
-3 968630
+8 387452
+2 290589
+3 193726
+10 290589
+5 290589
-1 193726
+1 290592
-1 193728
+2 290589
+2 96863
+2 193726
+4 96863
+1 96863
-1 96863
+1 484315

fn=(482) _IO_doallocbuf
395 2
-1 3
+3 4
+1 3
cfi=(116)
cfn=(484)
calls=1 95 
* 249
* 2
+3 4

fn=(522) _IO_unsave_markers
1049 1
-2 1
+2 1
+19 3
+2 1

fn=(376)
586 7
-16 7
+1 7
+15 7
+5 7
-21 7
+2 7
+1 7
+1 7
+17 7
-16 7
+1 7
+1 7
+1 7
+1 7
+1 7
+2 7
+1 7
+1 7
+1 7
+6 7
+1 10

fl=(83) /build/glibc-9tT8Do/glibc-2.23/time/../sysdeps/unix/syscall-template.S
fn=(330) setitimer
84 8
+1 2

fl=(96) /build/glibc-9tT8Do/glibc-2.23/stdlib/strtod.c
fn=(394) __strtod_internal
51 12
cfi=(97) /build/glibc-9tT8Do/glibc-2.23/stdlib/strtod_l.c
cfn=(396) ____strtod_l_internal
calls=4 481 
* 2110

fl=(95)
fn=(384)
279 60
+11 6
-11 12
+11 12
+1 6
fi=(104) /build/glibc-9tT8Do/glibc-2.23/stdio-common/../include/scratch_buffer.h
79 6
fe=(95)
291 6
fi=(104)
78 24
fe=(95)
341 36
+6 18
+3 30
+4 6
+20 6
-20 6
+20 6
-13 12
+6 6
+2 18
+5 6
-5 6
+5 36
2671 6
315 6
-30 6
-1 12
+95 6
2671 6
2215 12
334 12
-4 6
-1 6
-1 12
-1 6
-32 6
-12 6
2215 6
383 36
+37 18
+23 6
+1 6
-1 6
+1 6
3024 30
fi=(104)
86 30
fe=(95)
3027 18
+3 12
+17 24
+6 54
449 12
347 12
466 6
223 6
+1 12
489 24
-6 18
+24 12
+21 6
+7 6
-7 18
+10 60
+80 12
+5 12
-1 6
+1 6
+1 24
+3 6
+1 24
-1 12
+1 6
-1 6
+1 30
+6 36
+3 12
-3 12
+3 18
-3 12
+3 6
+1 12
+1 30
-1 6
+1 24
+4 6
-4 12
cfi=(92)
cfn=(386)
calls=6 +34 
* 90
+4 48
-19 18
-73 16
+8 8
+77 12
507 54
288 6
3014 30
538 4
1404 18
+5 2
-5 2
+5 4
+9 10
+3 1
261 1
1421 3
261 1
1421 1
261 2
+3 3
1424 3
+2 8
+11 3
1748 10
fi=(104)
114 8
fe=(95)
1739 24
+2 10
+5 36
+64 6
+7 6
+1 4
+28 4
261 4
+3 8
1850 4
+17 2
+1 6
-1 2
+1 2
-1 4
+1 2
cfi=(105)
cfn=(416)
calls=2 98 
* 302
+6 6
+3 8
+2 4
+4 4
2458 18
1396 2
+1 2
-2 2
+2 2
1918 32
+1 12
+8 12
+3 2
-1 4
+1 16
+3 2
-3 4
+3 2
+1 8
+6 24
+21 8
+64 20
+37 12
+66 4
-66 12
fi=(104)
114 12
fe=(95)
2128 16
261 16
+3 24
2166 84
+4 8
-4 8
+4 32
2051 16
2170 4
2051 8
+6 36
+5 8
+33 8
+4 4
-4 4
+2 8
+2 16
+1 16
+13 24
261 12
+3 12
2113 28
+2 8
+2 4
+49 20
+7 8
+8 20
2418 4
-10 4
+10 16
261 8
+3 12
2426 8
+6 4
+2 4
-2 4
+7 4
+2 12
-2 4
+2 4
-2 4
+2 4
cfi=(96)
cfn=(394)
calls=4 51 
* 2122
+2 28
+1 56
+10 4
-10 2
+10 4
643 2
-4 8
+4 8
1743 5
261 15
+3 15
1805 20
+2 48
cfi=(92)
cfn=(388)
calls=1 348 
* 47
* 8
1441 3
+3 14
2062 12
2166 8
cfi=(92)
cfn=(388)
calls=4 348 
* 188
* 36
-96 8
+1 24
264 2
1937 4
1820 4
+65 4
1424 2
cfi=(92)
cfn=(388)
calls=1 348 
* 47
* 7
250 4
2024 4
1924 12
-22 20
-15 4
+1 6

fl=(113)
fn=(472)
27 7
+4 1
+1 1
-1 5
+1 1
cfi=(114)
cfn=(474)
calls=1 1236 
* 2118
+4 2

fl=(67)
fn=(264)
134 7
+4 1
-4 3
+4 3
+82 1
-82 1
+82 1
+1 4
cfi=(68)
cfn=(266)
calls=1 57 
* 60
+22 4
+3 2
+1 5
cob=(5)
cfi=(64)
cfn=(270) __libc_csu_init
calls=1 0 
* 62727
+4 4
+15 2
+12 2
cfi=(84) /build/glibc-9tT8Do/glibc-2.23/setjmp/../sysdeps/x86_64/bsd-_setjmp.S
cfn=(348) _setjmp
calls=1 30 
* 30
+1 2
+5 2
+1 2
+3 2
+3 6
cob=(5)
cfi=(87) /media/storage/university/2017-1/prog_paralela/EPS/ep1/src/mandelbrot_seq.c
cfn=(354) main
calls=1 -12 
* 1305543514169
+34 2
cfi=(123)
cfn=(540)
calls=1 104 
* 653
138 2

fl=(61) /build/glibc-9tT8Do/glibc-2.23/string/../sysdeps/x86_64/cacheinfo.c
fn=(238) init_cacheinfo
482 2
+12 1
-12 3
+12 3
+2 4
cfn=(240) handle_intel
calls=1 262 
* 454
+4 2
-4 1
+4 1
cfn=(240)
calls=1 262 
* 546
+2 1
-2 1
-1 1
+3 1
+9 2
+2 1
+1 1
+2 1
+5 2
+9 4
-9 4
+9 16
-9 12
+6 8
+69 4
+1 5
+55 2
+2 1
+1 1
+2 1
-3 1
+5 1
-5 1
+4 3
+4 2
+2 1
+1 1
+2 1
-3 1
+5 1
-5 1
+4 2
+3 1
-3 1
+3 5
532 1
+32 1
-26 6
+7 5
+2 1
+1 1
+1 2
-4 4
+2 1
+1 1
+1 6
+2 2
-6 2
+6 2
+5 1
+2 2
+1 1
-1 1
+1 3
+6 1
-1 1
+1 5

fn=(242) intel_check_word
133 8
+6 4
-7 20
+7 16
-7 4
+7 4
+2 4
-2 4
+2 4
+68 8
+3 24
-69 4
+2 8
-2 6
+2 12
+8 20
+51 16
+22 8
fi=(62) /build/glibc-9tT8Do/glibc-2.23/string/../bits/stdlib-bsearch.h
27 8
+1 16
+3 16
+1 8
fe=(61)
+89 16
fi=(62)
-90 12
+1 6
fe=(61)
+89 12
+3 54
fi=(62)
-95 46
+2 46
-2 46
+2 80
+1 40
fe=(61)
+89 80
251 8
141 16
-6 2
256 24
fi=(62)
37 8
-8 18
fe=(61)
165 6
+3 6
+4 4
+2 4
+1 14
+2 7
-12 2
+12 2
+1 10
+1 10
+1 6
+17 3
-32 9
+3 9
+4 6
+2 6
+1 12
+2 12
+5 2
+2 4
+2 32

fn=(240)
262 4
-1 4
+17 2
-17 12
+14 2
+1 4
-3 6
+23 8
cfn=(242)
calls=2 133 
* 664
+1 4
+3 10
cfn=(242)
calls=2 133 
* 238
+1 4
-17 4
+5 2
-5 6
+5 2
+2 2
+1 2
-1 4
+27 16

fl=(72)
fn=(296)
258 6
+13 1
-8 1
+8 1
+6 3
+2 5
+16 2

ob=(5)
fl=(64)
fn=(250)
0 11
cob=(1)
cfi=(65)
cfn=(258)
calls=1 64 
0 1305543578695
0 5

fn=(270)
0 15
cob=(2)
cfi=(16)
cfn=(272) 0x0000000000400668
calls=1 0 
0 62677
0 8
cfn=(340) 0x0000000000400880
calls=1 0 
0 16
0 11

fn=(276) __gmon_start__
0 8
cob=(1)
cfi=(65)
cfn=(259)
calls=1 64 
0 61644
0 5
0 3
cfn=(332) atexit
calls=1 0 
0 1010

fn=(340)
0 16

fn=(332)
0 6
cob=(1)
cfi=(65)
cfn=(259)
calls=1 64 
0 999
0 5

fl=(87)
fn=(440) write_to_file
200 4
cob=(3)
cfi=(88)
cfn=(360)
calls=1 32 
* 61
* 1

ob=(3)
fl=(72)
fn=(296)
239 71
-18 216
+2 142
+1 4
+1 4
340 2
+6 2
+1 2
+2 1
+1 7
-78 5
cfi=(73)
cfn=(298)
calls=1 126 
* 57716
* 2
+1 4

fl=(55) /build/glibc-9tT8Do/glibc-2.23/csu/../csu/init-first.c
fn=(226) _init
52 8
+6 3
+14 1
fi=(57) /build/glibc-9tT8Do/glibc-2.23/csu/../sysdeps/unix/sysv/linux/x86_64/init-first.c
-36 1
fe=(55)
+34 1
+1 1
fi=(57)
-35 3
fe=(55)
+36 1
fi=(57)
-36 3
fi=(56) /build/glibc-9tT8Do/glibc-2.23/csu/../sysdeps/generic/dl-hash.h
+12 3
+14 4
-17 3
+3 9
+14 12
-17 9
fi=(57)
-9 3
+2 2
-2 1
+2 2
cfi=(48)
cfn=(182)
calls=1 -11 
* 6
+1 2
+5 2
-3 2
+1 1
+2 1
cfi=(48)
cfn=(182)
calls=1 -17 
* 6
fe=(55)
+42 3
fi=(57)
-41 2
+1 1
fe=(55)
+40 1
cfi=(58)
cfn=(232)
calls=1 -55 
* 78
+8 1
cfi=(60) /build/glibc-9tT8Do/glibc-2.23/ctype/ctype-info.c
cfn=(236) __ctype_init
calls=1 -63 
* 16
+5 6
-34 1
-7 1
+7 4
fi=(57)
-25 2
fe=(55)

fl=(120)
fn=(502)
31 661250000
+1 264500000
+3 264500000
+2 2380500000
+1 1190250000
+1 529000000
cfi=(110)
cfn=(478)
calls=132250000 1287 
* 9142420390
* 396750000
fi=(121) /build/glibc-9tT8Do/glibc-2.23/libio/libioP.h
866 264500000
fe=(120)
45 264500000
+4 132250000
-3 132250000
+3 661250000
fi=(121)
867 1190250000
fe=(120)

fl=(119)
fn=(496)
168 12
+2 6
+9 162
+9 6

fl=(111) /build/glibc-9tT8Do/glibc-2.23/io/../sysdeps/unix/syscall-template.S
fn=(460) open
84 2
cfn=(462) __open_nocancel
calls=1 * 
* 6

fn=(510) __write_nocancel
84 510126

fn=(462)
84 6

fn=(508) write
84 193726
cfn=(510)
calls=96863 * 
* 510126

fl=(125)
fn=(550)
34 8
+1 1
cfi=(98)
cfn=(398)
calls=1 +31 
* 16
* 1
+4 7
+3 2
+49 9
-24 1
+6 1
+2 1
-3 1
+3 286
+9 142

fl=(90)
fn=(370)
26 42
+4 6
+1 6
-1 30
+1 6
cfi=(91)
cfn=(372)
calls=6 +2 
* 6479
+4 12

fl=(122)
fn=(516)
39 3
+14 1
-14 1
+14 2
+9 4
cfi=(110)
cfn=(536) _IO_file_finish@@GLIBC_2.2.5
calls=1 200 
* 27
+1 3
+18 6
+3 2
cob=(2)
cfi=(16)
cfn=(526)
calls=1 -84 
* 192
+4 5
-34 1
cfi=(92)
cfn=(518)
calls=1 +6 
* 88
+2 19
+1 2
+1 2
cfi=(110)
cfn=(520) _IO_file_close_it@@GLIBC_2.2.5
calls=1 160 
* 391
* 3
fi=(121)
866 2
+1 9
fe=(122)
78 2

fl=(94)
fn=(380)
25 6
+1 6
+2 6
+1 6
+2 6
+1 6
+2 6
+1 6
+2 3
+1 3
+2 3
+1 3
+2 3
+7 3
+1 3
+1 3
+2 3
+2 3
+2 3
+1 3
+1 3
+2 3
+2 3
+1 3
+1 3
183 3
+1 3
+1 3

fl=(110)
fn=(458) _IO_file_open
214 6
+3 2
+8 2
+3 2
+3 1
-3 1
-1 1
+1 2
+3 1
-3 1
+3 1
+10 2
cfi=(92)
cfn=(454)
calls=1 98 
* 4
+1 1
+1 4
-22 4
cfi=(111)
cfn=(460)
calls=1 84 
* 8
* 3

fn=(524) _IO_file_close
1250 5
+1 1

fn=(478)
1287 132250009
-1 264500018
-6 1322500090
+13 529000036
+17 529000036
+1 132217721
+3 528870884
+5 528870884
cfi=(118)
cfn=(494)
calls=132217721 61 
* 2908531542
* 132217721
+6 132217721
-1 132217721
+1 264435442
+2 264435442
+27 264500018
+1 1058000072
-24 161440
cfn=(480) _IO_file_overflow@@GLIBC_2.2.5
calls=32288 808 
* 3818727
* 64576
+6 193726
+1 290589
+2 290589
+11 193726
+1 387452
cfi=(92)
cfn=(492)
calls=96863 425 
* 4649429
* 193726
-14 387452
-7 258300
cfn=(480)
calls=64575 808 
* 7637118
* 129150

fn=(456)
249 7
+11 2
+2 5
+9 1
-2 1
+1 1
+17 20
+41 6
cfn=(458)
calls=1 214 
* 46
+3 1
-3 1
+3 1
+17 3
cfi=(112)
cfn=(464)
calls=1 53 
* 24
+1 1
-1 1
+1 1
+76 1
-76 1
+76 7

fn=(480)
808 290589
+7 96863
-8 484315
+8 484311
+35 193726
-32 2
+12 2
+9 4
+8 1
-4 1
+3 2
-2 2
-3 1
+1 2
+5 1
-1 1
+1 3
+4 193726
+12 290589
-12 96863
cfn=(490) _IO_do_write@@GLIBC_2.2.5
calls=96863 494 
* 9324566
-31 2
cfi=(92)
cfn=(482)
calls=1 395 
* 267
+1 6

fn=(452)
144 2
+4 1
-4 2
+5 1
-1 1
+3 1
cfi=(92)
cfn=(454)
calls=1 -53 
* 81
+1 1
+1 4

fn=(490)
494 290592
+1 1
-3 774904
+11 193726
+7 387452
+8 484315
cfn=(506) _IO_file_write@@GLIBC_2.2.5
calls=96863 1258 
* 4287783
* 96863
+1 484315
+6 96863
-4 96863
+4 96863
-4 290589
+1 193726
+3 193726
-2 96863
-29 387452
+1 581178
+29 290589

fn=(536)
200 1
+1 1
-1 1
+1 1
+6 2
+1 1
-1 1
cfi=(92)
cfn=(538)
calls=1 639 
* 19

fn=(520)
160 3
-2 2
+9 1
-9 1
+5 5
+6 1
+3 1
-3 1
cfi=(92)
cfn=(522)
calls=1 1049 
* 7
+3 2
+4 3
+9 5
cfi=(92)
cfn=(382)
calls=1 380 
* 221
+1 2
+3 1
-3 1
+1 3
+2 1
cfi=(92)
cfn=(518)
calls=1 60 
* 3
+5 2
-4 1
+1 1
+1 1
+2 1
+1 4
-23 3
cfn=(524)
calls=1 1250 
* 6
* 2
-7 7
cfn=(490)
calls=1 494 
* 97
* 2

fn=(506)
1258 96863
-2 581178
+2 387452
+4 193726
+1 193726
+10 290589
+3 581178
-13 387452
cfi=(111)
cfn=(508)
calls=96863 84 
* 703852
+1 193726
+5 96863
+1 96863
-12 484315

fn=(486)
1229 1
+1 3
cfi=(117) /build/glibc-9tT8Do/glibc-2.23/io/../sysdeps/unix/sysv/linux/wordsize-64/fxstat.c
cfn=(488) _fxstat
calls=1 34 
* 10

fl=(79)
fn=(322)
64 10
+9 4
+13 6
+5 1
+15 1
+3 1
-2 2
-5 3
+7 14
-8 1
+1 1
+1 1
+1 1
+2 1
+3 1
cfi=(80)
cfn=(324)
calls=1 -75 
* 105
* 2
+3 1
+1 1
cfi=(82)
cfn=(328)
calls=1 -86 
* 3
* 2
+2 1
-2 1
+2 1
-2 3
+1 3
+1 1
-1 1
+1 1
cfi=(83)
cfn=(330)
calls=1 -31 
* 5
+1 6
-38 1
-2 2
+4 4
cfi=(83)
cfn=(330)
calls=1 +4 
* 5
* 2
+3 3
-1 1
+1 1
cfi=(80)
cfn=(324)
calls=1 -49 
* 66
+33 6

fn=(430) __profil_counter
40 2814690
+5 562938
-5 562938
+5 3940566
+2 1125876
+1 1042926
fi=(108) /build/glibc-9tT8Do/glibc-2.23/gmon/../sysdeps/unix/sysv/linux/x86_64/profil-counter.h
-18 562938
fe=(79)

fl=(60)
fn=(236)
31 5
+2 1
+2 1
-4 1
+4 1
-4 1
+2 3
+2 3

fl=(97)
fn=(396)
481 28
+55 4
-55 12
+53 4
+2 4
+18 4
-1 4
+15 8
+1 8
cfi=(98)
cfn=(398)
calls=4 66 
* 64
+1 4
-1 4
+1 8
+10 4
-6 4
+6 12
+3 8
+1 4
-1 4
+1 4
+3 8
+5 4
-17 4
+17 4
+13 12
+1 8
+56 16
+19 8
-67 12
1743 32
706 12
+42 12
+1 8
+12 8
+13 8
-26 16
+4 12
+25 8
+42 16
+9 8
+1 16
-1 12
+7 12
+1 12
+11 8
+6 4
+1 4
-1 8
+1 4
725 12
855 20
986 8
+2 12
+2 2
-2 8
+5 8
+3 18
+19 4
+1 8
+2 8
-3 4
+6 8
+33 8
+92 4
+2 24
+1 4
+1 4
+3 8
-3 4
+3 8
+12 8
576 4
1168 8
1330 12
+9 4
+3 8
+1 6
+29 8
+1 2
-1 2
+1 6
+2 8
+8 2
-56 2
+1 2
+55 2
+3 2
+17 2
-20 4
+20 2
-20 2
-57 2
+77 6
-16 2
+16 2
-77 2
+77 8
-6 2
+1 12
cfi=(99)
cfn=(402)
calls=2 61 
* 36
+15 2
+1 2
+2 4
-26 4
+3 2
+2 2
+2 2
-2 2
1138 12
1418 4
+4 18
cfn=(400) str_to_mpn.isra.0
calls=2 338 
* 108
+17 6
+2 4
-2 2
+2 4
+4 10
cfi=(100)
cfn=(404)
calls=2 29 
* 30
+1 10
cfi=(100)
cfn=(404)
calls=2 29 
* 30
+1 4
+11 2
+2 2
-2 2
+2 2
186 4
681 8
487 20
841 8
+3 8
-7 36
1369 4
1171 40
cfn=(400)
calls=4 338 
* 200
* 4
+6 28
+44 4
+1 8
-1 8
+1 4
+4 4
-4 4
+4 4
+6 8
1469 2
-2 2
+1 2
+1 8
+4 2
+38 2
-38 6
+38 2
-38 4
+38 2
+4 24
cfn=(406) round_and_return
calls=2 197 
* 154
* 2
-4 4
+2 4
-2 20
cfi=(100)
cfn=(404)
calls=2 29 
* 30
* 12
1264 8
+3 14
+2 4
+8 4
+21 14
cfn=(406)
calls=2 197 
* 154
* 2
-19 20
cfi=(100)
cfn=(404)
calls=2 29 
* 30
+4 8
+20 12
cfi=(99)
cfn=(402)
calls=2 61 
* 36
* 4

fn=(400)
338 42
+14 6
-1 6
-13 12
+14 48
+34 24
+3 4
+7 6
+3 2
+1 2
+2 2
-3 2
+3 2
-6 4
+3 4
+1 4
+2 4
-3 4
+3 4
+2 24
+9 6
-2 12
+2 6
-2 6
+2 6
+2 6
+1 6
+15 54

fn=(406)
197 40
fi=(101) /build/glibc-9tT8Do/glibc-2.23/stdlib/../sysdeps/generic/get-rounding-mode.h
94 4
+1 20
fe=(97)
200 8
+94 8
+35 28
fi=(101)
104 4
-9 8
fe=(97)
301 40
-4 4
fi=(102) /build/glibc-9tT8Do/glibc-2.23/stdlib/../include/rounding-mode.h
46 16
fe=(97)
328 12
cfi=(103)
cfn=(412)
calls=4 39 
* 56
* 44
fi=(102)
46 8
+6 8
fe=(97)

ob=(5)
fl=(87)
fn=(440)
202 1
+1 1
+2 1
+2 4
cob=(1)
cfi=(65)
cfn=(259)
calls=1 64 
* 1390
* 5
* 1
+2 11
cob=(1)
cfi=(65)
cfn=(259)
calls=1 64 
* 3020
* 5
+3 2
+2 1587000000
cob=(3)
cfi=(120)
cfn=(502)
calls=132249999 31 
* 17474170258
cob=(1)
cfi=(65)
cfn=(259)
calls=1 64 
* 1059
* 132250004
-2 529000003
+5 3
cob=(1)
cfi=(65)
cfn=(259)
calls=1 64 
* 1666
* 5
+1 3

fn=(354)
279 4
cob=(1)
cfi=(65)
cfn=(259)
calls=1 64 
* 926
* 5
* 2
+1 5
cfn=(364) init
calls=1 92 
* 7723
+2 2
cfn=(420) allocate_image_buffer
calls=1 71 
* 27773518626
+2 2
cfn=(436) compute_mandelbrot
calls=1 -55 
* 1258047559361
+2 2
cfn=(440)
calls=1 -86 
* 19722427508
+2 1
+1 2

fn=(436)
229 4
cob=(3)
cfi=(88)
cfn=(360)
calls=1 32 
* 52
* 1
+5 2
+9 2
+2 80500
+2 92000
+2 2
+3 23000
+2 925750000
+2 264500000
+1 264500000
+2 264500000
+1 264500000
+2 264500000
+5 257588628525
+1 206070902820
+1 154553177115
+1 154553177115
-5 51517725705
-2 51517725705
-1 103035451410
+1 132250000
-1 264500000
+2 103275028456
-1 154912542684
+10 793500000
cfn=(438) update_rgb_buffer
calls=132250000 138 
* 17055423757
-21 529034500
-9 46003
+33 3

fn=(364)
92 4
cob=(3)
cfi=(88)
cfn=(360)
calls=1 -60 
* 52
* 1
* 2
+1 2
+12 8
cob=(1)
cfi=(65)
cfn=(259)
calls=1 -41 
* 2356
* 5
+1 8
cob=(3)
cfi=(90)
cfn=(370)
calls=1 -80 
* 1345
* 1
+1 8
cob=(3)
cfi=(90)
cfn=(370)
calls=1 -81 
* 1121
* 1
+1 8
cob=(3)
cfi=(90)
cfn=(370)
calls=1 -82 
* 1108
* 1
+1 8
cob=(3)
cfi=(90)
cfn=(370)
calls=1 -83 
* 932
* 1
+1 2
+2 8
cob=(3)
cfi=(90)
cfn=(370)
calls=1 -86 
* 713
* 1
+3 2
+1 2
+1 4
+2 8
+1 8
+2 3

fn=(438)
138 529000000
cob=(3)
cfi=(88)
cfn=(360)
calls=132250000 32 
* 6348000004
* 132250000
* 529000000
+1 529000000
+1 529000000
+1 396750000
+2 396750000
+2 12461477
+1 12461477
+1 24922954
+5 598942615
+1 598942615
+1 598942615
+3 264500000
+2 1587000000
+1 1719250000
+1 1719250000
+32 529000000

fn=(420)
71 5
cob=(3)
cfi=(88)
cfn=(360)
calls=1 -39 
* 61
* 1
+1 1
+1 5
cob=(1)
cfi=(65)
cfn=(259)
calls=1 -9 
* 1165
* 5
* 1
+2 2
+2 1190250000
cob=(3)
cfi=(70)
cfn=(426)
calls=132250000 2900 
* 25789767372
* 132250000
* 132250000
-2 529000003
+4 5

ob=(3)
fl=(117)
fn=(488)
34 1
-1 1
+1 1
+1 6
+4 1

fl=(84)
fn=(348)
30 1
+2 1
cfi=(85)
cfn=(350)
calls=1 -6 
* 28

ob=(2)
fl=(16)
fn=(84)
0 3
cob=(1)
cfi=(17)
cfn=(86) free
calls=3 120 
0 18

fn=(214) 0x0000000004a28530
0 6

fn=(450)
0 2
cob=(3)
cfi=(70)
cfn=(426)
calls=2 2900 
0 363

fn=(526)
0 2
cob=(3)
cfi=(70)
cfn=(528)
calls=2 2932 
0 382

fn=(272)
0 5
cob=(5)
cfi=(64)
cfn=(276)
calls=1 0 
0 62670
0 2

ob=(4) /usr/lib/valgrind/vgpreload_core-amd64-linux.so
fl=(54) ???
fn=(218) 0x0000000000000650
0 17

ob=(1)
fl=(22)
fn=(136)
2094 16
+2 8
+39 21
+7 3
-2 3
+2 9
+3 3
+14 1
-27 1
+27 7
-84 16
+1 72
+6 8
+2 8
-2 8
+2 16
-2 8
+2 8
cfi=(41)
cfn=(138)
calls=8 34 
* 98
* 16
+1 2
+2 2
-2 2
+2 14
+7 6
-7 6
+7 18
-30 6
+23 12

fn=(114) _dl_map_object_from_fd
871 22
+10 2
-10 2
+10 2
-10 6
+10 2
cfi=(30) /build/glibc-9tT8Do/glibc-2.23/elf/dl-debug.c
cfn=(88) _dl_debug_initialize
calls=2 50 
* 16
fi=(35) /build/glibc-9tT8Do/glibc-2.23/elf/../sysdeps/posix/dl-fileid.h
37 6
fe=(22)
881 2
fi=(35)
37 2
cfi=(36)
cfn=(120)
calls=2 -3 
* 20
* 4
+4 2
fe=(22)
897 2
fi=(35)
40 2
+1 2
fe=(22)
897 29
+1 10
fi=(35)
49 12
fe=(22)
1443 16
915 4
+24 4
+10 4
+22 8
+32 4
882 2
1006 14
cfi=(15) /build/glibc-9tT8Do/glibc-2.23/elf/dl-object.c
cfn=(32) _dl_new_object
calls=2 61 
* 831
+1 2
-1 2
+1 2
+11 4
+1 2
-1 2
+2 2
-1 2
+4 2
-1 4
-2 2
+2 4
+1 6
+1 2
+19 2
-2 2
+10 2
-8 12
+8 2
-8 6
+8 2
+87 2
+8 2
-8 8
+8 2
-8 6
-86 32
-1 136
+1 95
+6 4
+1 6
+1 2
+9 20
+5 32
+9 12
-1 12
+1 4
+1 8
+2 4
-2 4
+1 4
-1 4
+3 4
+4 4
-7 4
+2 4
+1 4
+4 4
+1 12
+4 6
-14 2
+14 12
+11 2
-11 6
-14 2
+14 12
+11 2
-44 2
+1 1
+46 3
+4 1
+1 1
+1 1
-1 2
+1 1
+3 3
+1 1
+3 1
-3 1
+7 4
+6 1
cfi=(31)
cfn=(146)
calls=1 49 
* 8
* 2
+1 1
+59 4
+1 6
+1 2
-6 4
+1 2
+8 6
1019 2
1207 2
1019 2
1207 2
+10 6
fi=(37) /build/glibc-9tT8Do/glibc-2.23/elf/./dl-map-segments.h
56 4
fe=(22)
1217 6
fi=(37)
56 2
fe=(22)
1217 2
fi=(37)
56 2
fe=(22)
1217 4
fi=(37)
56 12
cfi=(26) /build/glibc-9tT8Do/glibc-2.23/misc/../sysdeps/unix/sysv/linux/wordsize-64/mmap.c
cfn=(72) mmap
calls=2 -23 
* 70
+4 2
-4 2
+4 4
+3 4
+1 2
+2 2
-2 2
-1 2
+3 2
+10 4
fi=(39) /build/glibc-9tT8Do/glibc-2.23/elf/./dl-load.h
+14 8
+1 6
+2 8
fi=(37)
+7 16
+6 2
+2 2
-2 2
+1 2
+2 2
-1 2
+1 2
-1 6
+8 4
+17 4
+12 4
-59 20
+2 4
+2 2
-2 4
+2 20
cfi=(26)
cfn=(72)
calls=2 -57 
* 62
* 6
fe=(22)
1229 8
+9 4
fi=(3) /build/glibc-9tT8Do/glibc-2.23/elf/get-dynamic-info.h
39 2
fe=(22)
1238 2
fi=(3)
39 2
+6 2
-2 2
+2 4
+15 2
+5 2
+3 2
-1 2
-3 2
-3 36
+10 8
-26 24
+16 35
+10 35
-26 105
+26 2
-26 6
+2 90
+13 40
+2 8
+3 8
+13 4
+20 7
+1 8
+1 8
+1 8
+2 8
+5 8
+1 7
+1 8
+6 6
+5 4
+7 4
+1 6
+16 6
+5 1
+2 1
-2 1
+2 1
+2 2
+2 2
+3 6
+10 1
-8 4
+8 1
+5 2
+3 4
fe=(22)
1245 4
+15 6
+19 4
+2 10
+54 6
+1 2
+3 2
cfi=(24)
cfn=(130) close
calls=1 84 
* 5
* 2
cfi=(24)
cfn=(130)
calls=1 84 
* 5
* 4
+9 4
+2 6
+2 2
-2 2
+2 2
+16 4
cfi=(6)
cfn=(10)
calls=2 956 
* 46
+4 4
+1 4
+17 4
+9 2
-5 6
+5 2
+10 4
+10 6
cfi=(15)
cfn=(48) _dl_add_to_namespace_list
calls=2 32 
* 82
+4 8
fi=(3)
68 8
+2 10
fe=(22)
1391 2
fi=(37)
119 4
+8 16
cfi=(27)
cfn=(74)
calls=2 -74 
* 283
* 8
-54 8
-1 12
cfi=(38)
cfn=(124)
calls=2 +12 
* 10
* 2
fi=(39)
+22 5
+1 11
+3 4
fi=(37)
+39 9
cfi=(26)
cfn=(72)
calls=1 33 
* 31
+3 3
fe=(22)
1233 2

fn=(104) _dl_map_object
2167 21
+8 3
-8 6
+8 3
+1 12
+3 42
+5 49
+2 21
cfi=(34)
cfn=(106)
calls=7 288 
* 944
* 14
+4 12
+1 18
+3 2
+2 8
cfi=(19)
cfn=(54)
calls=2 144 
* 48
* 4
2478 24
2213 10
+9 2
-53 2
+53 4
+36 4
-2 2
+2 2
cfi=(28)
cfn=(76)
calls=2 24 
* 46
* 4
2409 2
372 3
cfi=(28)
cfn=(76)
calls=1 24 
* 47
* 2
+4 2
cfi=(29)
cfn=(82)
calls=1 40 
* 128
2410 1
-3 1
+3 2
+4 9
cfn=(108)
calls=1 1695 
* 299
+3 1
-3 1
+3 3
+12 3
+46 1
+1 3
-1 1
+1 9
cfn=(114)
calls=1 871 
* 1444
-1 1
+1 3
-1 1
+1 9
cfn=(114)
calls=1 871 
* 1738
* 6
2262 2
cfi=(11)
cfn=(22)
calls=1 66 
* 16
* 1
+2 1
-2 1
+2 1
+7 4
+35 2
+1 14
cfn=(136)
calls=1 2018 
* 2086
+6 2
-6 1
+6 3
638 1
2314 1
638 2
2401 2
+28 3
+2 4
2275 1
+5 1
-5 1
+5 1
+3 2
-3 1
+3 7
-3 3
638 1
2281 1
638 2
2336 1
-14 1
+14 1
+2 3
+4 2
cfi=(42) /build/glibc-9tT8Do/glibc-2.23/elf/dl-cache.c
cfn=(140) _dl_load_cache_lookup
calls=1 185 
* 1700
+2 1
-2 1
+2 1
+4 2
+8 3
+23 10
cfn=(108)
calls=1 1695 
* 370
+4 1
-4 1
+4 3
+1 2
-89 3
+1 8
638 1
2297 1
638 2

fl=(15)
fn=(32)
61 42
+1 3
cfi=(11)
cfn=(22)
calls=3 +4 
* 66
+6 3
-6 6
+6 6
+7 12
cfi=(17)
cfn=(36)
calls=3 +28 
* 120
* 3
+3 3
-3 3
+3 3
+4 3
+5 6
-6 3
+6 3
-5 3
+3 6
+2 3
cfi=(18)
cfn=(46)
calls=3 -26 
* 88
+10 3
-10 3
+10 3
-8 3
+9 6
-1 9
+1 9
+3 3
-4 3
+1 3
+3 3
+9 3
-7 3
+4 3
+3 9
+2 2
-2 2
+2 30
-2 30
+12 3
+6 3
-5 3
-1 3
+6 15
+2 2
+3 2
-3 2
+3 2
-3 4
+7 6
+4 4
+2 5
+6 1
+6 1
-3 2
+3 4
-3 4
+3 4
+2 6
cfi=(11)
cfn=(22)
calls=2 -91 
* 68
+4 2
-4 8
+4 6
+64 4
+4 24
68 30
+34 8
+39 8
+70 6
cfi=(25)
cfn=(70)
calls=2 61 
* 71
* 42
+6 40
-1 40
+1 42
-1 2
+1 6
+5 4
-89 2
+32 4
cfi=(17)
cfn=(40)
calls=2 -71 
* 58
* 2
+1 2
-1 2
+1 6
+2 1
-35 2

fn=(48)
32 15
+2 6
cfi=(2)
cfn=(50)
calls=3 688 
* 6
+2 3
-2 3
+2 19
+3 15
+2 2
+2 2
+4 2
+4 2
-4 4
+1 2
+4 4
-4 2
+1 2
+3 2
-3 2
+2 2
cfi=(2)
cfn=(52)
calls=2 694 
* 4
-4 1
+4 1
-4 2
+1 1
+4 2
-4 1
+1 1
+3 1
-3 1
+2 1
cfi=(2)
cfn=(52)
calls=1 694 
* 2
-5 2

fl=(29)
fn=(82)
40 20
+1 5
cfi=(11)
cfn=(22)
calls=5 +25 
* 134
* 5
+1 10
cfi=(17)
cfn=(40)
calls=5 +52 
* 145
* 5
+2 10
+4 5
-1 10
+1 10
-1 10
cfi=(18)
cfn=(46)
calls=5 +14 
* 171

fl=(17)
fn=(36)
103 8
+8 24
-4 8
+4 16
+3 8
cfn=(40)
calls=8 -20 
* 238
* 8

fn=(40)
94 25
+1 50
cfn=(44)
calls=25 -43 
* 733
* 25

fn=(80)
354 12
+2 6
+1 12
+4 220
+7 588
-2 396
+6 4
+7 2
+4 2
-4 2
+4 4
-7 98
-15 298

fn=(86)
120 3
+2 9
+7 6

fn=(44)
52 78
+1 103
+11 75
+3 25
-3 25
+3 50
-3 3
+3 1
-3 1
+3 94
+4 12
+1 6
+6 24
cfi=(26)
cfn=(72)
calls=3 -45 
* 99
+2 15
+4 9
+3 3
+1 3
+2 15
-3 23
+1 23
+2 115
-31 2
-1 5

fl=(42)
fn=(140)
185 9
+8 2
+3 3
+51 2
+9 1
+6 2
-6 4
+6 1
cfi=(24)
cfn=(68) access
calls=1 84 
* 9
+19 1
-19 1
+19 158
cfn=(144) _dl_cache_libcmp
calls=10 138 
* 713
* 49
-15 4
+15 23
cfn=(144)
calls=1 138 
* 71
* 5
cfn=(144)
calls=1 138 
* 144
* 9
-82 4
cfi=(34)
cfn=(142) _dl_sysdep_read_whole_file
calls=1 45 
* 94
+8 1
-8 1
+8 4
+1 4
cfi=(14)
cfn=(30)
calls=1 24 
* 38
* 2
+7 1
-3 1
+3 3
+3 1
+1 2
-1 1
+1 1
+1 4
cfi=(14)
cfn=(30)
calls=1 24 
* 32
* 2
+61 31
+16 2
+4 2
+8 3
cfi=(11)
cfn=(22)
calls=1 66 
* 34
* 2
+1 1
-1 4
+1 2
cfi=(18)
cfn=(46)
calls=1 61 
* 84
+1 2
cfi=(29)
cfn=(82)
calls=1 40 
* 109
+1 8
-31 9

fn=(204) _dl_unload_cache
322 4
-1 1
+3 2
cfi=(38)
cfn=(206) munmap
calls=1 84 
* 5
+1 1
+2 2

fn=(144)
138 36
+1 28
+2 126
+2 63
-2 63
+2 4
+6 2
+2 2
-1 2
-1 2
+1 2
+1 8
+2 10
+2 4
+6 122
+2 224
+4 51
+1 51
-29 102
+32 6
-7 20

fl=(38)
fn=(124)
84 24
+1 6

fn=(206)
84 4
+1 1

fl=(25)
fn=(70)
61 37
+4 37
+3 36
+1 36
+2 11
+1 11
+2 11
+1 11
+5 11
+1 11
-1 25
+1 25
+2 24
+1 24
+2 24
+1 24
+5 24
+1 24
-1 12
+1 12
+2 11
+1 11
+2 11
+1 11
+5 11
+1 11
-1 25
+1 25
+2 17
+1 17
+2 17
+1 34
+5 17
+1 17
-1 19
+1 21
+5 2
+1 2
+1 2
+1 2
+2 2
+2 2
+1 2
+2 2
+6 36
+4 36
+12 4
+2 4
+1 4
+26 4
+1 4
+3 4
+1 4
+1 4
+5 4
+2 4
+1 4
+1 4
+1 4
+2 4
+1 4
+1 4
+1 4
+2 4
+1 4
+2 4
+22 4
+2 4
+2 1
+7 1

fl=(2)
fn=(158) init_tls
573 1
+6 1
-6 1
+2 2
+4 1
+10 4
cfi=(17)
cfn=(36)
calls=1 103 
* 38
* 1
+11 1
-5 1
-7 1
+6 1
+2 1
-1 1
+5 1
+2 1
-1 1
+1 10
+2 8
+4 1
+2 1
-2 2
-5 8
+9 3
+3 1
cfi=(31)
cfn=(160)
calls=1 138 
* 71
+7 1
cfi=(31)
cfn=(162)
calls=1 354 
* 439
+1 1
-1 1
+1 1
+6 1
+3 1
-3 1
+3 6
+3 1
+2 1
+1 2

fn=(102)
480 1
+2 1
-2 1
+3 8
cfi=(22)
cfn=(104)
calls=1 2167 
* 2358
* 1
+2 2

fn=(52)
694 8

fn=(94) do_preload
654 4
+12 1
-12 2
+10 1
-4 1
+1 1
+5 4
-10 1
+6 1
+4 1
cfi=(32)
cfn=(96)
calls=1 163 
* 2434
+1 3
+10 3
+4 5

fn=(26)
738 1
+19 1
-19 7
2353 1
738 3
+19 1
+3 1
-22 1
2348 1
760 1
+4 2
+1 2
+5 2
2346 2
+7 4
-4 1
+4 8
+2 2
cfi=(13) /build/glibc-9tT8Do/glibc-2.23/elf/dl-environ.c
cfn=(28) _dl_next_ld_env_entry
calls=1 30 
* 60
* 4
cfi=(13)
cfn=(28)
calls=2 30 
* 403
* 9
+4 50
+1 19
-1 57
+3 4
+6 14
2514 3
+30 3
780 3
981 7
cfi=(15)
cfn=(32)
calls=1 61 
* 250
+2 1
-2 1
+2 1
+1 1
+1 1
+5 2
-5 1
+1 2
+4 1
cfi=(15)
cfn=(48)
calls=1 32 
* 33
+1 3
747 1
1020 1
-3 1
-5 1
+1 1
+2 1
+5 7
+56 5
-55 24
-1 27
+1 47
1123 5
+3 2
+2 2
+2 3
+13 3
+1 6
cfi=(19)
cfn=(54)
calls=1 144 
* 44
* 2
+7 1
+3 1
-5 1
+3 1
+2 1
+1 2
+4 2
+2 2
fi=(3)
30 1
+9 2
+6 1
-2 1
+2 2
+15 1
+5 1
+3 1
+2 1
-3 1
-3 1
-3 14
+10 3
-26 9
+16 19
+10 19
-26 57
+26 1
-26 3
+2 46
+13 16
+2 4
+16 3
+38 3
+5 2
+7 2
+1 3
+16 3
+14 3
+18 2
fe=(2)
1166 2
cfi=(6)
cfn=(10)
calls=1 956 
* 23
+3 2
fi=(20) /build/glibc-9tT8Do/glibc-2.23/elf/setup-vdso.h
24 2
fe=(2)
1191 1
cfi=(9)
cfn=(60) _dl_discover_osversion
calls=1 45 
* 85
* 8
-75 2
+1 2
+1 1
-6 2
+1 1
-88 3
+1 1
+50 2
-1 8
+2 4
+1 1
+3 2
+1 2
-1 2
+1 2
+1 2
+1 6
+1 2
-43 1
-2 2
+27 1
-25 2
+7 1
-10 1
+10 1
-19 3
+1 1
fi=(3)
65 4
+3 4
+2 4
fe=(2)
2442 4
cfi=(14)
cfn=(30)
calls=1 24 
* 31
* 2
+2 3
-55 4
cfi=(14)
cfn=(30)
calls=1 24 
* 18
* 2
+7 4
cfi=(14)
cfn=(30)
calls=1 24 
* 36
* 2
+2 3
1185 3
+11 2
cfi=(22)
cfn=(64)
calls=1 661 
* 3427
+3 3
cfi=(30)
cfn=(88)
calls=1 50 
* 17
+7 1
-7 1
+2 1
+5 1
+3 3
+1 1
+3 1
-3 3
+1 2
+3 1
+5 1
-7 1
+7 1
+1 5
+17 2
+1 2
+5 1
-3 4
+2 2
+1 3
+5 3
+1 5
+2 2
+1 2
+5 2
+5 1
753 1
1262 2
1439 1
cfi=(31)
cfn=(90)
calls=1 115 
* 4
* 1
+8 3
+3 1
+4 3
+5 1
+1 1
cfi=(30)
cfn=(92) _dl_debug_state
calls=1 74 
* 1
+1 1
+4 3
+15 3
+4 1
-2 1
+2 2
+31 3
cfi=(24)
cfn=(68)
calls=1 84 
* 9
* 2
+77 1
1481 1
1592 3
+17 3
+1 1
-1 1
+1 2
-1 1
+1 5
cfi=(40)
cfn=(132) _dl_map_object_deps
calls=1 161 
* 8560
+1 1
+2 2
+3 1
-3 3
+3 1
-3 1
+3 3
+1 4
-1 2
+1 12
-1 6
+4 3
+1 3
+1 1
+2 2
+1 6
-1 5
+1 5
-1 3
-28 5
+1 1
-1 3
+4 3
+1 1
+1 2
+1 3
+34 1
+1 2
-1 1
+1 1
+2 1
+2 3
+2 1
-4 1
+5 1
-1 2
+14 2
+1 2
+1 3
+11 1
+2 1
-2 1
+2 2
-1 1
+1 1
-2 3
+2 1
cfi=(32)
cfn=(148)
calls=1 205 
* 2860
+10 1
+1 1
-1 1
+1 1
+1 1
cfn=(158)
calls=1 573 
* 619
* 1
+2 2
703 1
+2 3
fi=(127) /build/glibc-9tT8Do/glibc-2.23/elf/../sysdeps/unix/sysv/linux/dl-osinfo.h
77 1
fe=(2)
714 1
+7 1
-5 1
1692 3
1922 3
2092 4
+2 1
+5 3
cfi=(31)
cfn=(200)
calls=1 450 
* 147
+3 2
+9 3
+2 2
+15 1
+2 1
-2 2
+3 1
-3 1
+3 1
-3 1
+3 3
cfi=(44)
cfn=(164)
calls=1 149 
* 3984
+1 1
+2 6
+8 1
cfi=(7)
cfn=(202)
calls=1 256 
* 1
+4 3
+20 3
cfi=(30)
cfn=(88)
calls=1 50 
* 8
+1 1
-1 1
+2 1
cfi=(30)
cfn=(92)
calls=1 74 
* 1
+1 1
+4 1
cfi=(42)
cfn=(204)
calls=1 322 
* 15
+5 8
2043 3
+7 1
+2 3
+19 1
-19 4
+2 1
+2 12
+5 8
+2 8
+6 4
+2 8
+1 24
cfi=(44)
cfn=(164)
calls=3 149 
* 66759
+4 14
-22 10
+25 1
+2 5
+6 1
-6 1
+6 1
-10 2
cfi=(31)
cfn=(198)
calls=1 890 
* 20
* 1
-12 1
+1 1
-3 2
-85 1
+11 1
-7 1
-4 1
+4 3
+4 2
+3 1
1491 2
cfi=(11)
cfn=(22)
calls=1 66 
* 34
* 8
cfi=(18)
cfn=(46)
calls=1 61 
* 74
* 1
+3 6
+3 3
cfi=(17)
cfn=(80)
calls=1 354 
* 766
* 3
cfi=(17)
cfn=(80)
calls=1 354 
* 6
* 6
+1 2
+1 3
+2 4
cfn=(94)
calls=1 654 
* 2462
* 2
1635 2
1503 1
+2 6

fn=(50)
688 8

fn=(2)
337 9
+18 4
fi=(5)
59 1
fe=(2)
355 1
fi=(3)
45 1
fi=(5)
+14 2
fe=(2)
381 1
fi=(3)
45 1
fe=(2)
378 1
fi=(3)
45 1
+25 2
-3 1
-7 1
+5 1
+3 1
+2 1
-3 1
-3 1
-3 2
-13 26
+23 13
-26 39
+26 1
-26 3
+2 36
+13 20
+1 16
+10 4
-26 12
+33 2
+20 4
+1 4
+1 4
+1 4
+2 4
+5 4
+1 4
+1 4
+6 3
+5 2
+7 3
+1 3
+8 3
+2 3
+3 2
+1 2
fe=(2)
392 2
286 1
399 1
286 1
cfi=(6)
cfn=(10)
calls=1 956 
* 23
+1 2
+1 2
+1 2
+1 2
+8 1
+9 1
-9 3
+9 1
-6 1
-3 1
+9 1
cfi=(7)
cfn=(12)
calls=1 86 
* 92648
* 1
+9 1
+3 4
+4 1
-4 1
+4 1
424 9
fi=(3)
62 4
+3 4
fe=(2)
397 26
fi=(4)
84 1
+27 1
-28 1
+28 2
+1 2
fi=(5)
517 2
fi=(4)
112 18
fi=(5)
517 18
+1 20
fi=(4)
111 20
fi=(5)
518 10
fi=(4)
111 10
+5 2
+8 1
fi=(5)
312 1
fi=(4)
124 2
+12 1
+1 3
fi=(5)
266 1
fi=(4)
137 1
fi=(5)
294 1
fi=(4)
137 2
fi=(5)
294 1
fi=(4)
136 5
+1 15
fi=(5)
266 5
fi=(4)
137 5
fi=(5)
294 5
fi=(4)
137 10
fi=(5)
294 5
+9 12
+3 6
-3 12
+3 18
+6 36
fi=(3)
68 4
+2 3
fi=(5)
425 12
fi=(4)
124 19
fe=(2)

fn=(98)
648 8

fn=(150)
513 2
+2 4
cfi=(43)
cfn=(152)
calls=1 380 
* 2820
* 2
+4 2

fl=(24)
fn=(130)
84 12
+1 3

fn=(112)
84 8
+1 2

fn=(68)
84 12
+2 15

fn=(110)
84 60
+1 3
+1 60

fl=(18)
fn=(46)
61 16
+2 16
+2 16
+3 14
+1 14
+2 6
+1 6
+2 6
+1 6
+5 6
+1 6
-1 8
+1 8
+2 4
+1 4
+2 4
+1 8
+5 4
+1 4
-1 10
+1 10
+2 3
+1 3
+2 3
+1 3
+5 3
+1 3
-1 11
+1 11
+2 6
+1 6
+2 6
+1 6
+5 6
+1 6
-1 8
+1 14
+5 6
+1 6
+1 6
+1 6
+2 6
+2 6
+1 6
+2 6
+8 14
+8 8
+6 8
+2 8
+1 8
+3 3
+1 9
+5 3
+1 3
+2 3
+2 3
+1 3
+2 3
-8 10
+1 10
+2 10
+2 10
+1 10
+2 16
+9 3
+1 3
-1 5
+1 5
+3 8
+1 8
+1 8
+5 7
+2 7
+1 7
+1 7
+1 7
+2 7
+1 7
+1 7
+1 7
+2 7
+1 7
+2 7
+22 8
+6 8
+1 8
+2 2

fl=(30)
fn=(92)
74 2

fn=(88)
50 8
+5 6
+5 2
-1 1
+1 2
+1 2
-1 1
+4 1
-13 4
+4 8
+4 1
-1 1
-58 4

fl=(26)
fn=(72)
33 9
-1 90
+1 23
+1 90
+2 63
-3 20

fl=(14)
fn=(30)
24 13
+1 13
+1 13
+1 13
+1 13
+1 13
+1 13
+1 13
+3 13
+1 13
+1 5
+1 5
+1 5
+1 5
+1 5
+1 5
+1 5
+2 12
+1 12
+1 4
+1 4
+1 4
+1 4
+1 4
+1 4
+1 4
+2 12
+1 12
+1 5
+1 5
+1 5
+1 5
+1 2
+1 2
+1 2
+2 9
+1 9
+1 5
+1 5
+1 5
+1 5
+5 4
+1 4
+1 4
+1 4
+1 4
+1 4
+1 4
+1 2
+1 2
+1 2
+1 2
+1 2
+7 2
+2 3
+4 8
+1 8
+1 1
+1 1
+1 1
+1 1
+1 1
+1 1
+1 1
+1 1
+1 1
+1 1
+1 1
+4 9
+1 9

fl=(12)
fn=(24)
34 4
+8 6
+4 2
+16 5

fl=(13)
fn=(28)
30 3
+3 10
+13 69
-13 207
+2 142
+1 22
+5 2
-3 2
+3 2
+2 2
-12 1
+19 1

fl=(34)
fn=(106)
288 255
+1 102
cfi=(19)
cfn=(54)
calls=51 144 
* 1812
* 51
+1 51
-1 51
+3 51
+2 102
+4 52
-4 104
+1 165
cfi=(19)
cfn=(54)
calls=55 144 
* 2361
* 110
-5 3
+11 63
-1 48
+1 192

fn=(142)
45 2
+7 1
-7 3
+7 1
-7 3
+7 1
cfi=(24)
cfn=(110)
calls=1 +32 
* 5
+1 2
+2 5
cfi=(36)
cfn=(120)
calls=1 -21 
* 10
* 2
+2 1
+3 1
-3 1
+3 1
+13 2
cfi=(24)
cfn=(130)
calls=1 +11 
* 5
+3 7
-14 6
cfi=(26)
cfn=(72)
calls=1 -29 
* 33
* 2

fl=(23)
fn=(66)
39 6
+3 1
-3 2
+3 1
-1 1
+1 1
+9 1
-12 4
+12 2
+10 4
162 2
-47 3
cfi=(24)
cfn=(68)
calls=1 -31 
* 9
* 2
+55 3
+2 2
+1 5
+4 2
+4 1
-4 1
+1 1
+3 1
+3 1
+1 1
-1 1
+4 3
+1 1
-1 9
+1 1
+18 10
+1 2
-1 1
+1 3
cfi=(17)
cfn=(40)
calls=1 94 
* 29
* 1
+1 1
-1 1
+1 5
+29 1
+3 1
-3 2
+3 1
+23 7
+6 2
-1 2
+1 6
-1 8
+5 6
+3 1
-3 1
+3 1
-3 3
+3 1
-3 1
+3 5
+1 12
+1 4
-1 4
+1 8
-2 4
+1 8
-1 14
+4 4
+4 1
-1 1
+2 1
-2 1
+1 1
+1 1
-2 1
+2 10
+13 2
+1 1
-1 1
+3 2
-3 2
+1 1
-1 1
+3 2
+3 4
+3 1
-1 1
+1 9
113 1
+17 1
+1 1
-1 9
243 6
cfi=(25)
cfn=(70)
calls=1 61 
* 22
* 4
cfi=(25)
cfn=(70)
calls=1 61 
* 18
+1 4
cfi=(25)
cfn=(70)
calls=1 61 
* 22
* 4
cfi=(25)
cfn=(70)
calls=1 61 
* 18
* 12

fl=(9)
fn=(60)
45 7
+2 3
+85 8
-45 3
cfi=(21)
cfn=(62)
calls=1 -3 
* 5
* 1
+15 1
-15 1
+20 1
-1 1
+3 12
+4 3
-2 6
+2 9
+7 3
-1 3
+4 3
-2 3
+2 10
+5 2

fl=(19)
fn=(54)
144 221
+1 221
+2 221
+1 221
+21 221
+1 221
+1 148
+1 148
+1 143
+1 143
+1 143
+1 143
+21 143
+1 143
+1 143
+1 143
+1 143
+1 143
+1 143
+5 5
+1 5
+9 5
+1 5
+1 5
+1 5
+1 5
+1 5
+1 5
+1 5
-7 78
+1 78
+1 78
+1 78
+1 78
+1 78
+1 78
+1 78
+1 81
+1 68
+1 68
+1 68
+2 68
+1 68
+1 68
+1 68
+1 68
+1 68
-5 13
+1 13
+1 13
+1 13
+1 13
+1 13
+10 2
+1 2
+1 2
+2 2
+6 2
+1 2
+1 2
+1 2
+1 2
+5 2
696 2
+1 2
+1 2
+1 2
+1 2
+2 2
+1 2
+1 2
+1 2
+1 2
+1 2
+1 2
+1 2
+4 2
+1 2
+1 2
+6 2
+1 2
+1 4
+4 2
+1 2
+3 2
+1 2
+1 2
+3 2
+1 2
+1 2
+6 2
+1 2
+1 2
+1 2
+1 2
+1 2
946 1
+1 1
+1 1
+1 1
+1 1
+2 1
+1 1
+1 1
+1 1
+1 1
+1 1
+1 1
+1 1
+4 1
+1 1
+1 1
+6 1
+1 1
+1 2
+4 1
+1 1
+3 1
+1 1
+1 1
+3 1
+1 1
+1 1
+6 1
+1 1
+1 1
+1 1
+1 1
+1 1
1196 5
+1 5
+1 5
+1 5
+1 5
+2 5
+1 5
+1 5
+1 5
+1 5
+1 5
+1 5
+1 1
+4 1
+1 1
+1 1
+6 1
+1 1
+1 2
+4 1
+1 1
+3 1
+1 1
+1 1
+3 1
+1 1
+1 1
+6 1
+1 1
+1 1
+1 1
+1 1
+1 1
+72 26
+1 26
+1 26
+1 26
+1 26
+2 26
+1 26
+1 26
+1 26
+1 26
+1 26
+1 26
+1 7
+4 7
+1 7
+1 7
+6 7
+1 7
+1 14
+4 7
+1 7
+3 7
+1 7
+1 7
+3 7
+1 7
+1 7
+6 7
+1 7
+1 7
+1 7
+1 7
+1 7
+72 12
+1 12
+1 12
+1 12
+1 12
+2 12
+1 12
+1 12
+1 12
+1 12
+1 12
+1 12
+1 11
+4 11
+1 11
+1 11
+6 11
+1 11
+1 22
+4 11
+1 11
+3 11
+1 11
+1 11
+3 11
+1 11
+1 11
+6 11
+1 11
+1 11
+1 11
+1 11
+1 11
+72 1
+1 1
+1 1
+1 1
+1 1
+2 1
+1 1
+1 1
+1 1
+1 1
+1 1
+1 1
1696 1
+1 1
+1 1
+1 1
+1 1
+2 1
+1 1
+1 1
+1 1
+1 1
+1 1
+1 1
1821 3
+1 3
+1 3
+1 3
+1 3
+2 3
+1 3
+1 3
+1 3
+1 3
+1 3
+1 3
+1 3
+4 3
+1 3
+1 3
+6 3
+1 3
+1 6
+4 3
+1 3
+3 3
+1 3
+1 3
+3 3
+1 3
+1 3
+6 3
+1 3
+1 3
+1 3
+1 3
+1 3
+72 1
+1 1
+1 1
+1 1
+1 1
+2 1
+1 1
+1 1
+1 1
+1 1
+1 1
+1 1
+1 1
+4 1
+1 1
+1 1
+6 1
+1 1
+1 2
+4 1
+1 1
+3 1
+1 1
+1 1
+3 1
+1 1
+1 1
+6 1
+1 1
+1 1
+1 1
+1 1
+1 1
+72 29
+1 29
+1 29
+1 29
+1 29
+2 29
+1 29
+1 29
+1 29
+1 29
+1 29
+1 29
+2 1
+4 1
+1 1
+1 1
+6 1
+1 1
+2 2
+4 1
+1 1
+3 1
+1 1
+1 1
+3 1
+1 1
+1 1
+6 1
+1 1
+1 1
+1 1
+1 1
+1 1
+74 27
+2 27
+1 27
+1 27
+1 27
-3 56
+1 56
+1 56
+1 56
+1 204
+5 68
+6 68
+1 68
+8 68
+1 68
-16 153
+6 153
+1 153
+8 153
+1 153

fl=(53)
fn=(212) call_init.part.0
28 20
+8 4
+3 4
-3 8
+3 12
+5 21
+5 4
+9 12
cob=(3)
cfi=(55)
cfn=(226)
calls=1 -6 
* 206
cob=(2)
cfi=(16)
cfn=(214)
calls=1 -58 
* 6
* 2
+4 4
+6 2
+2 4
-2 4
+3 10
+1 8
cob=(3)
cfi=(61)
cfn=(238)
calls=1 482 
* 1159
cob=(4)
cfi=(54)
cfn=(218)
calls=1 -72 
* 17
* 4
cob=(3)
cfi=(63)
cfn=(246)
calls=1 -39 
* 4
* 3
-1 6
+3 24
-29 3
-5 3

fn=(210)
80 11
+1 1
+1 1
+3 3
+8 2
+1 2
+25 15
+1 12
-90 20
cfn=(212)
calls=3 -2 
* 1478
* 3
+96 8
-96 2
+58 2
+16 1
cfn=(212)
calls=1 -76 
* 76
* 1

fl=(40)
fn=(134)
60 4
+7 2
-4 22
cfi=(22)
cfn=(104)
calls=2 2167 
* 6955
* 2
+5 4

fn=(132)
161 1
-1 1
+1 1
-1 4
+1 1
-1 2
+1 1
-1 2
+1 1
-1 2
+1 3
-15 1
+15 1
-17 1
+1 1
+1 1
+6 4
+26 1
-26 1
+26 7
-34 1
+2 1
+33 2
-33 1
-2 1
+2 2
-2 1
+1 1
+1 1
+6 3
+26 1
-26 1
+26 5
+4 1
+21 1
+1 1
-22 2
+19 1
-12 1
+15 1
-16 2
+13 1
317 9
217 1
-4 1
-4 1
+8 4
-4 3
-4 3
+8 3
+12 8
+2 2
+11 2
-5 2
-6 4
+5 2
+2 4
+1 4
+3 14
+50 6
+1 3
-51 192
+1 96
+6 10
cfi=(28)
cfn=(76)
calls=2 24 
* 70
* 4
+5 10
-3 2
+3 2
cfi=(32)
cfn=(96)
calls=2 -91 
* 7113
+2 6
+15 2
+2 4
+5 2
+6 2
+2 2
-8 4
+3 2
+1 2
+1 2
+1 2
+4 12
+7 138
459 12
+2 6
+2 6
cfi=(17)
cfn=(40)
calls=2 94 
* 109
* 2
+2 2
-2 2
+2 2
+4 8
-1 2
+1 2
cfi=(18)
cfn=(46)
calls=2 61 
* 41
+1 10
cfi=(18)
cfn=(46)
calls=2 61 
* 41
+4 2
-1 2
+5 22
+7 6
+1 1
+3 5
+10 4
cfi=(17)
cfn=(40)
calls=1 94 
* 29
* 1
+3 1
-3 1
+3 1
+5 6
+1 1
-1 3
+1 2
+8 2
+4 3
-4 1
-6 3
-2 3
+8 6
+4 9
-4 3
-6 9
+13 3
+51 3
+2 3
+42 1
-4 1
+5 2
-1 4
+1 2
cfi=(27)
cfn=(74)
calls=1 53 
* 15
* 1
-2 9
+7 1
-1 1
+1 1
-1 2
+7 1
-7 1
+7 2
-13 2
+7 2
-1 2
+1 2
-1 4
+7 2
-7 2
+7 6
+2 8
+1 4
-1 4
+1 3
+2 9
+1 6
+28 18
cfi=(27)
cfn=(74)
calls=2 53 
* 37
* 10
-6 3
-28 6
+31 10
-6 2
+16 2
+2 1
+1 1
-1 1
+2 3
+7 3
+3 3
+3 8
481 9
-1 4
+1 9
202 2
+27 8
-19 4
+8 25
+2 2
+2 8
+2 30
338 6
611 8
cfi=(18)
cfn=(46)
calls=1 61 
* 28
+2 1
-38 1
+38 1
209 2

fl=(28)
fn=(76)
24 9
+1 9
+1 9
+1 9
+1 9
+1 9
+1 9
+1 9
+1 9
+1 9
+1 9
+1 9
+1 9
+1 9
+1 9
+1 9
+1 9
+1 5
+4 5
+1 5
+1 5
+1 5
+2 5
+4 4
+1 4
+1 4
+1 4
+1 4
+1 4
+1 4
+1 4
+1 4
+1 4
+1 4
+1 4
+1 4
+1 4
+1 4
+1 4
+1 4
+1 4
+1 4
+1 4
+1 4
+1 4
+1 4
+1 4
+52 4
+4 4
+1 4
+1 4
+1 4
+2 4

totals: 1305554286536
